# radius [cm]
2.438757e+14
2.529139e+14
2.619521e+14
2.709903e+14
2.800285e+14
2.890667e+14
2.981049e+14
3.071431e+14
3.161813e+14
3.252195e+14
3.342577e+14
3.432959e+14
3.523342e+14
3.613724e+14
3.704106e+14
3.794488e+14
3.884870e+14
3.975252e+14
4.065634e+14
4.156016e+14
4.246398e+14
4.336780e+14
4.427162e+14
4.517544e+14
4.607926e+14
4.698308e+14
4.788690e+14
4.879072e+14
4.969454e+14
5.059836e+14
5.150218e+14
5.240600e+14
5.330982e+14
5.421364e+14
5.511747e+14
5.602129e+14
5.692511e+14
5.782893e+14
5.873275e+14
5.963657e+14
6.054039e+14
6.144421e+14
6.234803e+14
6.325185e+14
6.415567e+14
6.505949e+14
6.596331e+14
6.686713e+14
6.777095e+14
6.867477e+14
6.957859e+14
7.048241e+14
7.138623e+14
7.229005e+14
7.319387e+14
7.409770e+14
7.500152e+14
7.590534e+14
7.680916e+14
7.771298e+14
7.861680e+14
7.952062e+14
8.042444e+14
8.132826e+14
8.223208e+14
8.313590e+14
8.403972e+14
8.494354e+14
8.584736e+14
8.675118e+14
8.765500e+14
8.855882e+14
8.946264e+14
9.036646e+14
9.127028e+14
9.217410e+14
9.307793e+14
9.398175e+14
9.488557e+14
9.578939e+14
9.669321e+14
9.759703e+14
9.850085e+14
9.940467e+14
1.003085e+15
1.012123e+15
1.021161e+15
1.030200e+15
1.039238e+15
1.048276e+15
1.057314e+15
1.066352e+15
1.075391e+15
1.084429e+15
1.093467e+15
1.102505e+15
1.111543e+15
1.120582e+15
1.129620e+15
1.138658e+15
1.147696e+15
1.156734e+15
1.165773e+15
1.174811e+15
1.183849e+15
1.192887e+15
1.201925e+15
1.210964e+15
1.220002e+15
1.229040e+15
1.238078e+15
1.247116e+15
1.256155e+15
1.265193e+15
1.274231e+15
1.283269e+15
1.292307e+15
1.301346e+15
1.310384e+15
1.319422e+15
1.328460e+15
1.337498e+15
1.346537e+15
1.355575e+15
1.364613e+15
1.373651e+15
1.382689e+15
1.391728e+15
1.400766e+15
1.409804e+15
1.418842e+15
1.427881e+15
1.436919e+15
1.445957e+15
1.454995e+15
1.464033e+15
1.473072e+15
1.482110e+15
1.491148e+15
1.500186e+15
1.509224e+15
1.518263e+15
1.527301e+15
1.536339e+15
1.545377e+15
1.554415e+15
1.563454e+15
1.572492e+15
1.581530e+15
1.590568e+15
1.599606e+15
1.608645e+15
1.617683e+15
1.626721e+15
1.635759e+15
1.644797e+15
1.653836e+15
1.662874e+15
1.671912e+15
1.680950e+15
1.689988e+15
1.699027e+15
1.708065e+15
1.717103e+15
1.726141e+15
1.735179e+15
1.744218e+15
1.753256e+15
1.762294e+15
1.771332e+15
1.780370e+15
1.789409e+15
1.798447e+15
1.807485e+15
1.816523e+15
1.825562e+15
1.834600e+15
1.843638e+15
1.852676e+15
1.861714e+15
1.870753e+15
1.879791e+15
1.888829e+15
1.897867e+15
1.906905e+15
1.915944e+15
1.924982e+15
1.934020e+15
1.943058e+15
1.952096e+15
1.961135e+15
1.970173e+15
1.979211e+15
1.988249e+15
1.997287e+15
2.006326e+15
2.015364e+15
2.024402e+15
2.033440e+15
2.042478e+15
2.051517e+15
2.060555e+15
2.069593e+15
2.078631e+15
2.087669e+15
2.096708e+15
2.105746e+15
2.114784e+15
2.123822e+15
2.132860e+15
2.141899e+15
2.150937e+15
2.159975e+15
2.169013e+15
2.178051e+15
2.187090e+15
2.196128e+15
2.205166e+15
2.214204e+15
2.223243e+15
2.232281e+15
2.241319e+15
2.250357e+15
2.259395e+15
2.268434e+15
2.277472e+15
2.286510e+15
2.295548e+15
2.304586e+15
2.313625e+15
2.322663e+15
2.331701e+15
2.340739e+15
2.349777e+15
2.358816e+15
2.367854e+15
2.376892e+15
2.385930e+15
2.394968e+15
2.404007e+15
2.413045e+15
2.422083e+15
2.431121e+15
2.440159e+15
2.449198e+15
2.458236e+15
2.467274e+15
2.476312e+15
2.485350e+15
2.494389e+15
2.503427e+15
2.512465e+15
2.521503e+15
2.530541e+15
2.539580e+15
2.548618e+15
2.557656e+15
2.566694e+15
2.575733e+15
2.584771e+15
2.593809e+15
2.602847e+15
2.611885e+15
2.620924e+15
2.629962e+15
2.639000e+15
2.648038e+15
2.657076e+15
2.666115e+15
2.675153e+15
2.684191e+15
2.693229e+15
2.702267e+15
2.711306e+15
2.720344e+15
2.729382e+15
2.738420e+15
2.747458e+15
2.756497e+15
2.765535e+15
2.774573e+15
2.783611e+15
2.792649e+15
2.801688e+15
2.810726e+15
2.819764e+15
2.828802e+15
2.837840e+15
2.846879e+15
2.855917e+15
2.864955e+15
2.873993e+15
2.883031e+15
2.892070e+15
2.901108e+15
2.910146e+15
2.919184e+15
2.928222e+15
2.937261e+15
2.946299e+15
2.955337e+15
2.964375e+15
2.973414e+15
2.982452e+15
2.991490e+15
3.000528e+15
3.009566e+15
3.018605e+15
3.027643e+15
3.036681e+15
3.045719e+15
3.054757e+15
3.063796e+15
3.072834e+15
3.081872e+15
3.090910e+15
3.099948e+15
3.108987e+15
3.118025e+15
3.127063e+15
3.136101e+15
3.145139e+15
3.154178e+15
3.163216e+15
3.172254e+15
3.181292e+15
3.190330e+15
3.199369e+15
3.208407e+15
3.217445e+15
3.226483e+15
3.235521e+15
3.244560e+15
3.253598e+15
3.262636e+15
3.271674e+15
3.280712e+15
3.289751e+15
3.298789e+15
3.307827e+15
3.316865e+15
3.325903e+15
3.334942e+15
3.343980e+15
3.353018e+15
3.362056e+15
3.371095e+15
3.380133e+15
3.389171e+15
3.398209e+15
3.407247e+15
3.416286e+15
3.425324e+15
3.434362e+15
3.443400e+15
3.452438e+15
3.461477e+15
3.470515e+15
3.479553e+15
3.488591e+15
3.497629e+15
3.506668e+15
3.515706e+15
3.524744e+15
3.533782e+15
3.542820e+15
3.551859e+15
3.560897e+15
3.569935e+15
3.578973e+15
3.588011e+15
3.597050e+15
3.606088e+15
3.615126e+15
3.624164e+15
3.633202e+15
3.642241e+15
3.651279e+15
3.660317e+15
3.669355e+15
3.678393e+15
3.687432e+15
3.696470e+15
3.705508e+15
3.714546e+15
3.723584e+15
3.732623e+15
3.741661e+15
3.750699e+15
3.759737e+15
3.768776e+15
3.777814e+15
3.786852e+15
3.795890e+15
3.804928e+15
3.813967e+15
3.823005e+15
3.832043e+15
3.841081e+15
3.850119e+15
3.859158e+15
3.868196e+15
3.877234e+15
3.886272e+15
3.895310e+15
3.904349e+15
3.913387e+15
3.922425e+15
3.931463e+15
3.940501e+15
3.949540e+15
3.958578e+15
3.967616e+15
3.976654e+15
3.985692e+15
3.994731e+15
4.003769e+15
4.012807e+15
4.021845e+15
4.030883e+15
4.039922e+15
4.048960e+15
4.057998e+15
4.067036e+15
4.076074e+15
4.085113e+15
4.094151e+15
4.103189e+15
4.112227e+15
4.121266e+15
4.130304e+15
4.139342e+15
4.148380e+15
4.157418e+15
4.166457e+15
4.175495e+15
4.184533e+15
4.193571e+15
4.202609e+15
4.211648e+15
4.220686e+15
4.229724e+15
4.238762e+15
4.247800e+15
4.256839e+15
4.265877e+15
4.274915e+15
4.283953e+15
4.292991e+15
4.302030e+15
4.311068e+15
4.320106e+15
4.329144e+15
4.338182e+15
4.347221e+15
4.356259e+15
4.365297e+15
4.374335e+15
4.383373e+15
4.392412e+15
4.401450e+15
4.410488e+15
4.419526e+15
4.428564e+15
4.437603e+15
4.446641e+15
4.455679e+15
4.464717e+15
4.473755e+15
4.482794e+15
4.491832e+15
4.500870e+15
4.509908e+15
4.518947e+15
4.527985e+15
4.537023e+15
4.546061e+15
4.555099e+15
4.564138e+15
4.573176e+15
4.582214e+15
4.591252e+15
4.600290e+15
4.609329e+15
4.618367e+15
4.627405e+15
4.636443e+15
4.645481e+15
4.654520e+15
4.663558e+15
4.672596e+15
4.681634e+15
4.690672e+15
4.699711e+15
4.708749e+15
4.717787e+15
4.726825e+15
4.735863e+15
4.744902e+15
4.753940e+15
4.762978e+15
4.772016e+15
4.781054e+15
4.790093e+15
4.799131e+15
4.808169e+15
4.817207e+15
4.826245e+15
4.835284e+15
4.844322e+15
4.853360e+15
4.862398e+15
4.871436e+15
4.880475e+15
4.889513e+15
4.898551e+15
4.907589e+15
4.916628e+15
4.925666e+15
4.934704e+15
4.943742e+15
4.952780e+15
4.961819e+15
4.970857e+15
4.979895e+15
4.988933e+15
4.997971e+15
5.007010e+15
5.016048e+15
5.025086e+15
5.034124e+15
5.043162e+15
5.052201e+15
5.061239e+15
5.070277e+15
5.079315e+15
5.088353e+15
5.097392e+15
5.106430e+15
5.115468e+15
5.124506e+15
5.133544e+15
5.142583e+15
5.151621e+15
5.160659e+15
5.169697e+15
5.178735e+15
5.187774e+15
5.196812e+15
5.205850e+15
5.214888e+15
5.223926e+15
5.232965e+15
5.242003e+15
5.251041e+15
5.260079e+15
5.269117e+15
5.278156e+15
5.287194e+15
5.296232e+15
5.305270e+15
5.314309e+15
5.323347e+15
5.332385e+15
5.341423e+15
5.350461e+15
5.359500e+15
5.368538e+15
5.377576e+15
5.386614e+15
5.395652e+15
5.404691e+15
5.413729e+15
5.422767e+15
5.431805e+15
5.440843e+15
5.449882e+15
5.458920e+15
5.467958e+15
5.476996e+15
5.486034e+15
5.495073e+15
5.504111e+15
5.513149e+15
5.522187e+15
5.531225e+15
5.540264e+15
5.549302e+15
5.558340e+15
5.567378e+15
5.576416e+15
5.585455e+15
5.594493e+15
5.603531e+15
5.612569e+15
5.621607e+15
5.630646e+15
5.639684e+15
5.648722e+15
5.657760e+15
5.666799e+15
5.675837e+15
5.684875e+15
5.693913e+15
5.702951e+15
5.711990e+15
5.721028e+15
5.730066e+15
5.739104e+15
5.748142e+15
5.757181e+15
5.766219e+15
5.775257e+15
5.784295e+15
5.793333e+15
5.802372e+15
5.811410e+15
5.820448e+15
5.829486e+15
5.838524e+15
5.847563e+15
5.856601e+15
5.865639e+15
5.874677e+15
5.883715e+15
5.892754e+15
5.901792e+15
5.910830e+15
5.919868e+15
5.928906e+15
5.937945e+15
5.946983e+15
5.956021e+15
5.965059e+15
5.974097e+15
5.983136e+15
5.992174e+15
6.001212e+15
6.010250e+15
6.019288e+15
6.028327e+15
6.037365e+15
6.046403e+15
6.055441e+15
6.064480e+15
6.073518e+15
6.082556e+15
6.091594e+15
6.100632e+15
6.109671e+15
6.118709e+15
6.127747e+15
6.136785e+15
6.145823e+15
6.154862e+15
6.163900e+15
6.172938e+15
6.181976e+15
6.191014e+15
6.200053e+15
6.209091e+15
6.218129e+15
6.227167e+15
6.236205e+15
6.245244e+15
6.254282e+15
6.263320e+15
6.272358e+15
6.281396e+15
6.290435e+15
6.299473e+15
6.308511e+15
6.317549e+15
6.326587e+15
6.335626e+15
6.344664e+15
6.353702e+15
6.362740e+15
6.371778e+15
6.380817e+15
6.389855e+15
6.398893e+15
6.407931e+15
6.416969e+15
6.426008e+15
6.435046e+15
6.444084e+15
6.453122e+15
6.462161e+15
6.471199e+15
6.480237e+15
6.489275e+15
6.498313e+15
6.507352e+15
6.516390e+15
6.525428e+15
6.534466e+15
6.543504e+15
6.552543e+15
6.561581e+15
6.570619e+15
6.579657e+15
6.588695e+15
6.597734e+15
6.606772e+15
6.615810e+15
6.624848e+15
6.633886e+15
6.642925e+15
6.651963e+15
6.661001e+15
6.670039e+15
6.679077e+15
6.688116e+15
6.697154e+15
6.706192e+15
6.715230e+15
6.724268e+15
6.733307e+15
6.742345e+15
6.751383e+15
6.760421e+15
6.769459e+15
6.778498e+15
6.787536e+15
6.796574e+15
6.805612e+15
6.814651e+15
6.823689e+15
6.832727e+15
6.841765e+15
6.850803e+15
6.859842e+15
6.868880e+15
6.877918e+15
6.886956e+15
6.895994e+15
6.905033e+15
6.914071e+15
6.923109e+15
6.932147e+15
6.941185e+15
6.950224e+15
6.959262e+15
6.968300e+15
6.977338e+15
6.986376e+15
6.995415e+15
7.004453e+15
7.013491e+15
7.022529e+15
7.031567e+15
7.040606e+15
7.049644e+15
7.058682e+15
7.067720e+15
7.076758e+15
7.085797e+15
7.094835e+15
7.103873e+15
7.112911e+15
7.121949e+15
7.130988e+15
7.140026e+15
7.149064e+15
7.158102e+15
7.167140e+15
7.176179e+15
