# simulation time [s]
0.000000e+00
6.658944e+10
1.331789e+11
1.997683e+11
2.663578e+11
3.329472e+11
3.995367e+11
4.661261e+11
5.327156e+11
5.993050e+11
6.658944e+11
7.324839e+11
7.990733e+11
8.656628e+11
9.322522e+11
9.988417e+11
1.065431e+12
1.132021e+12
1.198610e+12
1.265199e+12
1.331789e+12
1.398378e+12
1.464968e+12
1.531557e+12
1.598147e+12
1.664736e+12
1.731326e+12
1.797915e+12
1.864504e+12
1.931094e+12
1.997683e+12
2.064273e+12
2.130862e+12
2.197452e+12
2.264041e+12
2.330631e+12
2.397220e+12
2.463809e+12
2.530399e+12
2.596988e+12
2.663578e+12
2.730167e+12
2.796757e+12
2.863346e+12
2.929936e+12
2.996525e+12
3.063114e+12
3.129704e+12
3.196293e+12
3.262883e+12
3.329472e+12
3.396062e+12
3.462651e+12
3.529241e+12
3.595830e+12
3.662419e+12
3.729009e+12
3.795598e+12
3.862188e+12
3.928777e+12
3.995367e+12
4.061956e+12
4.128546e+12
4.195135e+12
4.261724e+12
4.328314e+12
4.394903e+12
4.461493e+12
4.528082e+12
4.594672e+12
4.661261e+12
4.727851e+12
4.794440e+12
4.861029e+12
4.927619e+12
4.994208e+12
5.060798e+12
5.127387e+12
5.193977e+12
5.260566e+12
5.327156e+12
5.393745e+12
5.460334e+12
5.526924e+12
5.593513e+12
5.660103e+12
5.726692e+12
5.793282e+12
5.859871e+12
5.926461e+12
5.993050e+12
6.059639e+12
6.126229e+12
6.192818e+12
6.259408e+12
6.325997e+12
6.392587e+12
6.459176e+12
6.525766e+12
6.592355e+12
6.658944e+12
6.725534e+12
6.792123e+12
6.858713e+12
6.925302e+12
6.991892e+12
7.058481e+12
7.125071e+12
7.191660e+12
7.258249e+12
7.324839e+12
7.391428e+12
7.458018e+12
7.524607e+12
7.591197e+12
7.657786e+12
7.724376e+12
7.790965e+12
7.857554e+12
7.924144e+12
7.990733e+12
8.057323e+12
8.123912e+12
8.190502e+12
8.257091e+12
8.323680e+12
8.390270e+12
8.456859e+12
8.523449e+12
8.590038e+12
8.656628e+12
8.723217e+12
8.789807e+12
8.856396e+12
8.922985e+12
8.989575e+12
9.056164e+12
9.122754e+12
9.189343e+12
9.255933e+12
9.322522e+12
9.389112e+12
9.455701e+12
9.522290e+12
9.588880e+12
9.655469e+12
9.722059e+12
9.788648e+12
9.855238e+12
9.921827e+12
9.988417e+12
1.005501e+13
1.012160e+13
1.018818e+13
1.025477e+13
1.032136e+13
1.038795e+13
1.045454e+13
1.052113e+13
1.058772e+13
1.065431e+13
1.072090e+13
1.078749e+13
1.085408e+13
1.092067e+13
1.098726e+13
1.105385e+13
1.112044e+13
1.118703e+13
1.125362e+13
1.132021e+13
1.138679e+13
1.145338e+13
1.151997e+13
1.158656e+13
1.165315e+13
1.171974e+13
1.178633e+13
1.185292e+13
1.191951e+13
1.198610e+13
1.205269e+13
1.211928e+13
1.218587e+13
1.225246e+13
1.231905e+13
1.238564e+13
1.245223e+13
1.251882e+13
1.258540e+13
1.265199e+13
1.271858e+13
1.278517e+13
1.285176e+13
1.291835e+13
1.298494e+13
1.305153e+13
1.311812e+13
1.318471e+13
1.325130e+13
1.331789e+13
1.338448e+13
1.345107e+13
1.351766e+13
1.358425e+13
1.365084e+13
1.371743e+13
1.378401e+13
1.385060e+13
1.391719e+13
1.398378e+13
1.405037e+13
1.411696e+13
1.418355e+13
1.425014e+13
1.431673e+13
1.438332e+13
1.444991e+13
1.451650e+13
1.458309e+13
1.464968e+13
1.471627e+13
1.478286e+13
1.484945e+13
1.491604e+13
1.498262e+13
1.504921e+13
1.511580e+13
1.518239e+13
1.524898e+13
1.531557e+13
1.538216e+13
1.544875e+13
1.551534e+13
1.558193e+13
1.564852e+13
1.571511e+13
1.578170e+13
1.584829e+13
1.591488e+13
1.598147e+13
1.604806e+13
1.611465e+13
1.618123e+13
1.624782e+13
1.631441e+13
1.638100e+13
1.644759e+13
1.651418e+13
1.658077e+13
1.664736e+13
1.671395e+13
1.678054e+13
1.684713e+13
1.691372e+13
1.698031e+13
1.704690e+13
1.711349e+13
1.718008e+13
1.724667e+13
1.731326e+13
1.737984e+13
1.744643e+13
1.751302e+13
1.757961e+13
1.764620e+13
1.771279e+13
1.777938e+13
1.784597e+13
1.791256e+13
1.797915e+13
1.804574e+13
1.811233e+13
1.817892e+13
1.824551e+13
1.831210e+13
1.837869e+13
1.844528e+13
1.851187e+13
1.857845e+13
1.864504e+13
1.871163e+13
1.877822e+13
1.884481e+13
1.891140e+13
1.897799e+13
1.904458e+13
1.911117e+13
1.917776e+13
1.924435e+13
1.931094e+13
1.937753e+13
1.944412e+13
1.951071e+13
1.957730e+13
1.964389e+13
1.971048e+13
1.977706e+13
1.984365e+13
1.991024e+13
1.997683e+13
