# relative error [-]
5.000000e-02
5.000000e-02
5.000000e-02
5.000000e-02
5.000000e-02
5.000000e-02
5.000000e-02
5.000000e-02
5.000000e-02
5.000000e-02
5.000000e-02
5.000000e-02
5.000000e-02
5.000000e-02
5.269583e-02
5.501858e-02
5.783689e-02
6.038476e-02
6.263186e-02
6.513578e-02
6.746527e-02
6.941881e-02
7.137479e-02
7.336768e-02
7.519914e-02
7.696309e-02
7.881377e-02
8.062995e-02
8.221097e-02
8.353963e-02
8.470797e-02
8.575625e-02
8.668197e-02
8.754027e-02
8.845133e-02
8.952419e-02
9.076738e-02
9.209308e-02
9.349750e-02
9.496007e-02
9.645299e-02
9.797449e-02
9.951016e-02
1.010424e-01
1.025582e-01
1.040538e-01
1.055313e-01
1.069555e-01
1.082857e-01
1.094910e-01
1.105444e-01
1.114468e-01
1.122155e-01
1.128742e-01
1.134468e-01
1.139477e-01
1.143879e-01
1.148177e-01
1.153041e-01
1.158998e-01
1.166503e-01
1.175772e-01
1.186780e-01
1.199215e-01
1.212638e-01
1.226579e-01
1.240656e-01
1.254490e-01
1.267740e-01
1.280109e-01
1.291477e-01
1.301830e-01
1.311141e-01
1.319279e-01
1.326004e-01
1.330983e-01
1.333967e-01
1.334728e-01
1.333311e-01
1.329900e-01
1.325017e-01
1.319297e-01
1.313600e-01
1.308735e-01
1.305337e-01
1.303934e-01
1.304779e-01
1.307964e-01
1.313582e-01
1.321757e-01
1.332549e-01
1.346146e-01
1.362306e-01
1.381092e-01
1.402095e-01
1.425162e-01
1.450058e-01
1.476187e-01
1.503417e-01
1.531292e-01
1.559307e-01
1.586917e-01
1.613575e-01
1.638924e-01
1.662333e-01
1.683297e-01
1.701640e-01
1.716883e-01
1.728933e-01
1.737602e-01
1.742926e-01
1.745109e-01
1.744454e-01
1.741283e-01
1.735849e-01
1.728344e-01
1.719232e-01
1.708564e-01
1.696226e-01
1.682412e-01
1.667429e-01
1.651717e-01
1.636575e-01
1.621660e-01
1.607998e-01
1.595295e-01
1.584678e-01
1.576842e-01
1.572519e-01
1.572486e-01
1.577843e-01
1.590316e-01
1.610245e-01
1.640299e-01
1.678655e-01
1.728229e-01
1.787408e-01
1.857854e-01
1.941084e-01
2.042077e-01
2.171601e-01
2.311916e-01
2.472283e-01
2.658886e-01
2.867952e-01
3.101413e-01
3.359344e-01
3.642887e-01
3.951025e-01
4.295285e-01
4.676418e-01
5.088457e-01
5.539178e-01
5.864985e-01
5.822131e-01
4.584872e-01
4.080960e-01
3.295249e-01
2.953034e-01
2.648812e-01
2.185552e-01
1.977359e-01
1.790530e-01
1.517023e-01
1.367986e-01
1.216534e-01
1.076872e-01
9.554545e-02
8.315800e-02
7.688617e-02
7.341344e-02
7.201010e-02
7.198707e-02
7.362192e-02
7.758129e-02
8.343357e-02
8.953909e-02
9.501444e-02
9.905227e-02
1.014887e-01
1.021589e-01
1.015253e-01
1.009444e-01
9.950540e-02
9.656816e-02
9.525822e-02
9.539664e-02
9.747775e-02
1.002341e-01
1.027848e-01
1.053174e-01
1.079149e-01
1.106700e-01
1.127329e-01
1.132393e-01
1.104946e-01
1.045816e-01
9.580602e-02
9.404358e-02
1.050190e-01
1.097895e-01
1.075702e-01
1.093664e-01
1.263034e-01
1.547330e-01
1.962566e-01
2.345780e-01
2.827362e-01
3.101912e-01
3.357292e-01
3.899756e-01
4.179614e-01
4.896976e-01
5.275165e-01
6.288695e-01
6.811037e-01
7.494752e-01
8.308567e-01
7.894225e-01
7.376202e-01
6.880900e-01
6.411036e-01
5.973642e-01
5.578524e-01
5.207223e-01
4.866520e-01
4.554398e-01
4.268404e-01
4.007894e-01
3.766076e-01
3.544751e-01
3.337065e-01
3.163790e-01
3.008765e-01
2.869378e-01
2.742716e-01
2.624527e-01
2.521517e-01
2.424419e-01
2.336827e-01
2.256606e-01
2.183555e-01
2.116240e-01
2.056808e-01
1.999652e-01
1.950596e-01
1.905464e-01
1.862766e-01
1.824879e-01
1.791232e-01
1.760592e-01
1.732661e-01
1.707419e-01
1.684814e-01
1.664603e-01
1.646392e-01
1.630194e-01
1.615989e-01
1.603479e-01
1.592672e-01
1.583355e-01
1.575398e-01
1.568727e-01
1.563208e-01
1.558836e-01
1.555546e-01
1.553418e-01
1.551949e-01
1.550982e-01
1.550150e-01
1.549751e-01
1.549865e-01
1.551015e-01
1.553341e-01
1.556648e-01
1.560776e-01
1.565277e-01
1.569893e-01
1.574241e-01
1.578422e-01
1.582649e-01
1.587036e-01
1.591654e-01
1.596513e-01
1.601530e-01
1.606597e-01
1.611611e-01
1.616440e-01
1.620918e-01
1.625045e-01
1.628849e-01
1.632338e-01
1.635618e-01
1.638650e-01
1.641488e-01
1.644073e-01
1.646374e-01
1.648358e-01
1.649930e-01
1.651019e-01
1.651649e-01
1.651795e-01
1.651500e-01
1.650808e-01
1.649760e-01
1.648401e-01
1.646757e-01
1.644860e-01
1.642736e-01
1.640432e-01
1.637816e-01
1.635057e-01
1.632052e-01
1.628690e-01
1.625056e-01
1.620946e-01
1.616425e-01
1.611653e-01
1.606470e-01
1.601008e-01
1.595320e-01
1.589411e-01
1.583259e-01
1.576845e-01
1.570172e-01
1.563265e-01
1.556134e-01
1.548799e-01
1.541340e-01
1.533747e-01
1.526060e-01
1.518398e-01
1.510783e-01
1.503218e-01
1.495871e-01
1.488648e-01
1.481694e-01
1.474912e-01
1.468336e-01
1.461951e-01
1.455716e-01
1.449691e-01
1.443856e-01
1.438132e-01
1.432503e-01
1.426927e-01
1.421362e-01
1.415731e-01
1.409955e-01
1.403969e-01
1.397735e-01
1.391224e-01
1.384421e-01
1.377332e-01
1.369984e-01
1.362420e-01
1.354692e-01
1.346855e-01
1.338928e-01
1.330939e-01
1.322897e-01
1.314774e-01
1.306617e-01
1.298369e-01
1.290063e-01
1.281721e-01
1.273375e-01
1.265047e-01
1.256809e-01
1.248732e-01
1.240812e-01
1.233149e-01
1.225677e-01
1.218421e-01
1.211348e-01
1.204382e-01
1.197519e-01
1.190763e-01
1.184100e-01
1.177534e-01
1.171166e-01
1.165060e-01
1.159271e-01
1.153828e-01
1.148795e-01
1.144154e-01
1.139859e-01
1.135841e-01
1.131974e-01
1.128132e-01
1.124184e-01
1.119969e-01
1.115325e-01
1.110072e-01
1.104015e-01
1.096944e-01
1.088724e-01
1.079389e-01
1.069167e-01
1.058511e-01
1.048016e-01
1.038308e-01
1.029937e-01
1.023251e-01
1.018305e-01
1.014843e-01
1.012499e-01
1.010748e-01
1.009081e-01
1.007061e-01
1.004339e-01
1.000709e-01
9.961094e-02
9.905767e-02
9.843318e-02
9.775754e-02
9.705727e-02
9.635316e-02
9.566210e-02
9.499241e-02
9.435091e-02
9.373738e-02
9.315135e-02
9.259477e-02
9.206677e-02
9.156586e-02
9.108963e-02
9.063385e-02
9.019317e-02
8.976108e-02
8.933038e-02
8.889424e-02
8.844708e-02
8.798793e-02
8.751759e-02
8.704123e-02
8.656515e-02
8.610087e-02
8.565469e-02
8.523159e-02
8.483752e-02
8.447318e-02
8.413518e-02
8.381896e-02
8.352008e-02
8.323598e-02
8.296334e-02
8.269965e-02
8.244234e-02
8.218276e-02
8.191365e-02
8.162349e-02
8.128805e-02
8.087902e-02
8.036190e-02
7.970208e-02
7.887757e-02
7.789953e-02
7.682239e-02
7.573910e-02
7.476442e-02
7.399932e-02
7.350009e-02
7.325442e-02
7.318661e-02
7.319011e-02
7.316565e-02
7.305041e-02
7.282931e-02
7.252516e-02
7.217900e-02
7.182998e-02
7.150322e-02
7.120535e-02
7.093016e-02
7.066577e-02
7.040190e-02
7.013193e-02
6.985090e-02
6.955621e-02
6.924706e-02
6.892261e-02
6.858482e-02
6.823797e-02
6.788916e-02
6.754589e-02
6.721612e-02
6.690467e-02
6.661049e-02
6.632975e-02
6.605241e-02
6.576864e-02
6.547252e-02
6.516029e-02
6.483389e-02
6.449990e-02
6.416348e-02
6.382677e-02
6.347164e-02
6.306009e-02
6.253517e-02
6.185636e-02
6.104173e-02
6.019569e-02
5.948772e-02
5.908467e-02
5.906515e-02
5.936045e-02
5.977922e-02
6.010981e-02
6.022061e-02
6.009175e-02
5.979269e-02
5.942798e-02
5.908299e-02
5.879824e-02
5.856969e-02
5.836739e-02
5.815470e-02
5.789851e-02
5.757519e-02
5.717399e-02
5.669871e-02
5.616666e-02
5.560642e-02
5.505248e-02
5.453785e-02
5.408526e-02
5.370511e-02
5.339648e-02
5.315255e-02
5.296614e-02
5.282884e-02
5.272616e-02
5.263143e-02
5.250348e-02
5.229074e-02
5.194364e-02
5.143893e-02
5.081208e-02
5.017616e-02
5.000000e-02
5.000000e-02
5.000000e-02
5.008280e-02
5.056196e-02
5.094292e-02
5.113898e-02
5.114737e-02
5.102140e-02
5.081908e-02
5.057623e-02
5.030165e-02
5.000000e-02
5.000000e-02
5.000000e-02
5.000000e-02
5.000000e-02
5.000000e-02
5.000000e-02
5.000000e-02
5.000000e-02
5.000000e-02
5.000000e-02
5.000000e-02
5.000000e-02
5.000000e-02
5.000000e-02
5.000000e-02
5.000000e-02
5.000000e-02
5.000000e-02
5.000000e-02
5.000000e-02
5.000000e-02
5.000000e-02
5.000000e-02
5.000000e-02
5.000000e-02
5.000000e-02
5.000000e-02
5.000000e-02
5.000000e-02
5.000000e-02
5.000000e-02
5.000000e-02
5.000000e-02
5.000000e-02
5.000000e-02
5.000000e-02
5.000000e-02
5.000000e-02
5.000000e-02
5.000000e-02
5.000000e-02
5.000000e-02
5.000000e-02
5.000000e-02
5.000000e-02
5.000000e-02
5.000000e-02
5.000000e-02
5.000000e-02
5.000000e-02
5.000000e-02
5.000000e-02
5.000000e-02
5.000000e-02
5.000000e-02
5.000000e-02
5.000000e-02
5.000000e-02
5.000000e-02
5.000000e-02
5.000000e-02
5.000000e-02
5.000000e-02
5.000000e-02
5.000000e-02
5.000000e-02
5.000000e-02
5.000000e-02
5.000000e-02
5.000000e-02
5.000000e-02
5.000000e-02
5.000000e-02
5.000000e-02
5.000000e-02
5.000000e-02
5.000000e-02
5.000000e-02
5.000000e-02
5.000000e-02
5.000000e-02
5.000000e-02
5.000000e-02
5.000000e-02
5.000000e-02
5.000000e-02
5.000000e-02
5.000000e-02
5.000000e-02
5.000000e-02
5.000000e-02
5.000000e-02
5.000000e-02
5.000000e-02
5.000000e-02
5.000000e-02
5.000000e-02
5.000000e-02
5.000000e-02
5.000000e-02
5.000000e-02
5.000000e-02
5.000000e-02
5.000000e-02
5.000000e-02
5.000000e-02
5.000000e-02
5.000000e-02
5.000000e-02
5.000000e-02
5.000000e-02
5.000000e-02
5.000000e-02
5.000000e-02
5.000000e-02
5.000000e-02
5.000000e-02
5.000000e-02
5.000000e-02
5.000000e-02
5.000000e-02
5.000000e-02
5.000000e-02
5.000000e-02
5.000000e-02
5.000000e-02
5.000000e-02
5.000000e-02
5.000000e-02
5.000000e-02
5.000000e-02
5.000000e-02
5.000000e-02
5.000000e-02
5.000000e-02
5.000000e-02
5.000000e-02
5.000000e-02
5.000000e-02
5.000000e-02
5.000000e-02
5.000000e-02
5.000000e-02
5.000000e-02
5.000000e-02
5.000000e-02
5.000000e-02
5.000000e-02
5.000000e-02
5.000000e-02
5.000000e-02
5.000000e-02
5.000000e-02
5.000000e-02
5.000000e-02
5.000000e-02
5.000000e-02
5.000000e-02
5.000000e-02
5.000000e-02
5.000000e-02
5.000000e-02
5.000000e-02
5.000000e-02
5.000000e-02
5.000000e-02
5.000000e-02
5.000000e-02
5.000000e-02
5.000000e-02
5.000000e-02
5.000000e-02
5.000000e-02
5.000000e-02
5.000000e-02
5.000000e-02
5.000000e-02
5.000000e-02
5.000000e-02
5.000000e-02
5.000000e-02
5.000000e-02
5.000000e-02
5.000000e-02
5.000000e-02
5.000000e-02
5.000000e-02
5.000000e-02
5.000000e-02
5.000000e-02
5.000000e-02
5.000000e-02
5.000000e-02
5.000000e-02
5.000000e-02
5.000000e-02
5.000000e-02
5.000000e-02
5.000000e-02
5.000000e-02
5.000000e-02
5.000000e-02
5.000000e-02
5.000000e-02
5.000000e-02
5.000000e-02
5.000000e-02
5.000000e-02
5.000000e-02
5.000000e-02
5.000000e-02
5.000000e-02
5.000000e-02
5.000000e-02
5.000000e-02
5.000000e-02
5.000000e-02
5.000000e-02
5.000000e-02
5.000000e-02
5.000000e-02
5.000000e-02
5.000000e-02
5.000000e-02
5.000000e-02
5.000000e-02
5.000000e-02
5.000000e-02
5.000000e-02
5.000000e-02
5.000000e-02
5.000000e-02
5.000000e-02
5.000000e-02
5.000000e-02
5.000000e-02
5.000000e-02
5.000000e-02
5.000000e-02
5.000000e-02
5.000000e-02
5.000000e-02
5.000000e-02
5.000000e-02
5.000000e-02
5.000000e-02
5.000000e-02
5.000000e-02
5.000000e-02
5.000000e-02
5.000000e-02
5.000000e-02
5.000000e-02
5.000000e-02
5.000000e-02
5.000000e-02
5.000000e-02
5.000000e-02
5.000000e-02
5.000000e-02
5.000000e-02
5.000000e-02
5.000000e-02
5.000000e-02
5.000000e-02
5.000000e-02
5.000000e-02
5.000000e-02
5.000000e-02
5.000000e-02
5.000000e-02
5.000000e-02
5.000000e-02
5.000000e-02
5.000000e-02
5.000000e-02
5.000000e-02
5.000000e-02
5.000000e-02
5.000000e-02
5.000000e-02
5.000000e-02
5.000000e-02
5.000000e-02
5.000000e-02
5.000000e-02
5.000000e-02
5.000000e-02
5.000000e-02
5.000000e-02
5.000000e-02
5.000000e-02
5.000000e-02
5.000000e-02
5.000000e-02
5.000000e-02
5.000000e-02
5.000000e-02
5.000000e-02
5.000000e-02
5.000000e-02
5.000000e-02
5.000000e-02
5.000000e-02
5.000000e-02
5.000000e-02
5.000000e-02
5.000000e-02
5.000000e-02
5.000000e-02
5.000000e-02
5.000000e-02
5.000000e-02
5.000000e-02
5.000000e-02
5.000000e-02
5.000000e-02
5.000000e-02
5.000000e-02
5.000000e-02
5.000000e-02
5.000000e-02
5.000000e-02
5.000000e-02
5.000000e-02
5.000000e-02
5.000000e-02
5.000000e-02
5.000000e-02
5.000000e-02
5.000000e-02
5.000000e-02
5.000000e-02
5.000000e-02
5.000000e-02
5.000000e-02
5.000000e-02
5.000000e-02
5.000000e-02
5.000000e-02
5.000000e-02
5.000000e-02
5.000000e-02
5.000000e-02
5.000000e-02
5.000000e-02
5.000000e-02
5.000000e-02
5.000000e-02
5.000000e-02
5.000000e-02
5.000000e-02
5.000000e-02
5.000000e-02
5.000000e-02
5.000000e-02
5.000000e-02
5.000000e-02
5.000000e-02
5.000000e-02
5.000000e-02
5.000000e-02
5.000000e-02
5.000000e-02
5.000000e-02
5.000000e-02
5.000000e-02
5.000000e-02
5.000000e-02
5.000000e-02
5.000000e-02
5.000000e-02
5.000000e-02
5.000000e-02
5.000000e-02
5.000000e-02
5.000000e-02
5.000000e-02
5.000000e-02
5.000000e-02
5.000000e-02
5.000000e-02
5.000000e-02
5.000000e-02
5.000000e-02
5.000000e-02
5.000000e-02
5.000000e-02
5.000000e-02
5.000000e-02
5.000000e-02
5.000000e-02
5.000000e-02
5.000000e-02
5.000000e-02
5.000000e-02
5.000000e-02
5.000000e-02
5.000000e-02
5.000000e-02
5.000000e-02
5.000000e-02
5.000000e-02
5.000000e-02
5.000000e-02
5.000000e-02
5.000000e-02
5.000000e-02
5.000000e-02
5.000000e-02
5.000000e-02
5.000000e-02
5.000000e-02
5.000000e-02
5.000000e-02
5.000000e-02
5.000000e-02
5.000000e-02
5.000000e-02
5.000000e-02
5.000000e-02
5.000000e-02
5.000000e-02
5.000000e-02
5.000000e-02
5.000000e-02
5.000000e-02
5.000000e-02
5.000000e-02
5.000000e-02
5.000000e-02
5.000000e-02
5.000000e-02
5.000000e-02
5.000000e-02
5.000000e-02
5.000000e-02
5.000000e-02
5.000000e-02
5.000000e-02
5.000000e-02
5.000000e-02
5.000000e-02
5.000000e-02
5.000000e-02
5.000000e-02
5.000000e-02
5.000000e-02
5.000000e-02
5.000000e-02
5.000000e-02
5.000000e-02
5.000000e-02
5.000000e-02
5.000000e-02
5.000000e-02
5.000000e-02
5.000000e-02
5.000000e-02
5.000000e-02
5.000000e-02
5.000000e-02
5.000000e-02
5.000000e-02
5.000000e-02
5.000000e-02
5.000000e-02
5.000000e-02
5.000000e-02
5.000000e-02
