# averaged gas surface density [g/cm^2]
1.997370967447916712e+01
1.797033523437499980e+01
1.551590764322916449e+01
1.411970611979166534e+01
1.389826520833333312e+01
1.421255636718750104e+01
1.468891942708333431e+01
1.513805955729166719e+01
1.550878423177083221e+01
1.579264964843749830e+01
1.600746346354166505e+01
1.616503988281250059e+01
1.628179059895833447e+01
1.635910786458333277e+01
1.640123683593749959e+01
1.641275459635416567e+01
1.639881996093749805e+01
1.636533968750000057e+01
1.631379511718749953e+01
1.624400980468750078e+01
1.615717713541666356e+01
1.605573000000000050e+01
1.594276919270833481e+01
1.582055235677083260e+01
1.568941117187499934e+01
1.554877050781250070e+01
1.539895794270833385e+01
1.524216613281249977e+01
1.508240352864583400e+01
1.492449373697916748e+01
1.477223807291666624e+01
1.462665348958333311e+01
1.448546242187499900e+01
1.434397481770833416e+01
1.419653621093750040e+01
1.403773544270833362e+01
1.386341876302083165e+01
1.367198701822916718e+01
1.346403069010416687e+01
1.324261821614583390e+01
1.301207907552083576e+01
1.277745546875000038e+01
1.254360499999999945e+01
1.231454649739583296e+01
1.209296282552083390e+01
1.187996803385416911e+01
1.167581897786458534e+01
1.148030123177083262e+01
1.129267814322916763e+01
1.111199352083333203e+01
1.093712161458333298e+01
1.076675198828124991e+01
1.059954476692708347e+01
1.043421565104166682e+01
1.026957586067708483e+01
1.010472007682291640e+01
9.938439470052083280e+00
9.769681993489582439e+00
9.597830600260415679e+00
9.422726928385417366e+00
9.244504563802083297e+00
9.063483605468748650e+00
8.880237503906251106e+00
8.695550098958333862e+00
8.510454790364583744e+00
8.326200289062500204e+00
8.144163878906249820e+00
7.965696351562499444e+00
7.792127652343748601e+00
7.624586087239582533e+00
7.463931406250000400e+00
7.310652791666666594e+00
7.164806638020833951e+00
7.026077151041666191e+00
6.893812096354166918e+00
6.767069906249999711e+00
6.644766464843750775e+00
6.525718824218749603e+00
6.408721236979165958e+00
6.292522247395833546e+00
6.175826251302083847e+00
6.057313777343749983e+00
5.935791257812500277e+00
5.810256313802082850e+00
5.680001802083332940e+00
5.544526865885416989e+00
5.403667794270833546e+00
5.257657428385416942e+00
5.106843212239582819e+00
4.951743196614582843e+00
4.793015376302083297e+00
4.631457947916666207e+00
4.467913179687499792e+00
4.303389292968749835e+00
4.138937049479166852e+00
3.975774417968749308e+00
3.815120084635416742e+00
3.658069923177083016e+00
3.505687608072916905e+00
3.358842811197916944e+00
3.218237235677083419e+00
3.084373661458334137e+00
2.957582789062500606e+00
2.838062587239583490e+00
2.725861940104166603e+00
2.620862032552083498e+00
2.522810290364583263e+00
2.431318204427082907e+00
2.345988467447916559e+00
2.266460842447916679e+00
2.192409295572916861e+00
2.123484906249999860e+00
2.059260205729166682e+00
1.999286059895833523e+00
1.943124445312499837e+00
1.890236044270833249e+00
1.839991298177083401e+00
1.791781066406249900e+00
1.745172007812499926e+00
1.699855242187499949e+00
1.655382567708333363e+00
1.611155576822916657e+00
1.566687761718750016e+00
1.521598657552083234e+00
1.475674749999999813e+00
1.428678257812499908e+00
1.380431943619791824e+00
1.330763638671875082e+00
1.279527664453125047e+00
1.226624726562500101e+00
1.172079135026041774e+00
1.116086558723958122e+00
1.058871610807291752e+00
1.000737030338541667e+00
9.418082109375000011e-01
8.822751121093750371e-01
8.222771519531250073e-01
7.620657937500000534e-01
7.020050755208333548e-01
6.425241753906250075e-01
5.840967781250000490e-01
5.272051908854166191e-01
4.723057824218749867e-01
4.198778651041666365e-01
3.703589894531250093e-01
3.241872738281250110e-01
2.816784654947916411e-01
2.429367589843750286e-01
2.079118493489583441e-01
1.765176186197916774e-01
1.486482995963541720e-01
1.242031748177083311e-01
1.030773365364583277e-01
8.509015412760416452e-02
6.995655921874999184e-02
5.735334305989583242e-02
4.697496631510417187e-02
3.847794182291666698e-02
3.157868731770833298e-02
2.602888291666666590e-02
2.156708210937499995e-02
1.802086032552083217e-02
1.520952547916666620e-02
1.298767151302083339e-02
1.122323876171874880e-02
9.809625709635417037e-03
8.680465632812500373e-03
7.785867447916666566e-03
7.080070386718750712e-03
6.523083647135416267e-03
6.081480669270833417e-03
5.728645070312500705e-03
5.444795171875000013e-03
5.219073940104165810e-03
5.044258503906250309e-03
4.911117417968750322e-03
4.810643635416667063e-03
4.736203554687499519e-03
4.683118532552083164e-03
4.648762277343750256e-03
4.630829186197916829e-03
4.624628933593749602e-03
4.617541244791666284e-03
4.595662449218750230e-03
4.556556188802084011e-03
4.506316230468750648e-03
4.454706941406249947e-03
4.408328035156249859e-03
4.369156363281250476e-03
4.341497032552083142e-03
4.329443975260416355e-03
4.337647800781250368e-03
4.371184716145832920e-03
4.437574548177083272e-03
4.540322005208333178e-03
4.684715401041666775e-03
4.874140950520833813e-03
5.104306464843749724e-03
5.359221727864582792e-03
5.626972151041666204e-03
5.916298566406249550e-03
6.260621768229166113e-03
6.701145470052083560e-03
7.263940256510416187e-03
7.968781858072917709e-03
8.841909070312500840e-03
9.923773145833333573e-03
1.126835928906250173e-02
1.294553181770833304e-02
1.503683492708333264e-02
1.763629226171875217e-02
2.083723196614583120e-02
2.476925471354167116e-02
2.954591537760416567e-02
3.528041990885416590e-02
4.213463368489583916e-02
5.017912673177082894e-02
5.957703766927083255e-02
7.039773996093749708e-02
8.279411114583333509e-02
9.684079503906251052e-02
1.126167200260416584e-01
1.301887944531250063e-01
1.496200472265624970e-01
1.709146097656250030e-01
1.941000541666666745e-01
2.191564729166666503e-01
2.460366432291666572e-01
2.746778289062499767e-01
3.049861395833333155e-01
3.368393119791666668e-01
3.701293196614582892e-01
4.046762092447916959e-01
4.403598414062499522e-01
4.770257601562500338e-01
5.145270239583333849e-01
5.527119660156248893e-01
5.915278083333332937e-01
6.307950537760417253e-01
6.704514420572916800e-01
7.103681069010416849e-01
7.503980930989584408e-01
7.903752486979166436e-01
8.301833652343750813e-01
8.696561520833333558e-01
9.088124571614583092e-01
9.475466635416666117e-01
9.857821127604166067e-01
1.023477092057291538e+00
1.060532594270833462e+00
1.096851224088541743e+00
1.132376916145833468e+00
1.167087061328125008e+00
1.200989014062499916e+00
1.234105755078124922e+00
1.266457555208333474e+00
1.298049402343750103e+00
1.328857622395833493e+00
1.358849173177083314e+00
1.388023098958333312e+00
1.416395861979166781e+00
1.443989519531249988e+00
1.470811888020833180e+00
1.496828000000000047e+00
1.522005208333333526e+00
1.546331575520833335e+00
1.569839541666666838e+00
1.592602055989583265e+00
1.614719621093749780e+00
1.636245441406250167e+00
1.657182485677083372e+00
1.677450955729166582e+00
1.696960343750000044e+00
1.715655558593750074e+00
1.733545183593750094e+00
1.750716776041666423e+00
1.767275066406249762e+00
1.783309595052083418e+00
1.798849026041666521e+00
1.813888191406250128e+00
1.828401630208333239e+00
1.842357617187500018e+00
1.855740406250000030e+00
1.868559001302083189e+00
1.880847003906249926e+00
1.892654391927083291e+00
1.904030571614583112e+00
1.915015239583333306e+00
1.925632194010416853e+00
1.935900510416666664e+00
1.945825524739583257e+00
1.955410365885416724e+00
1.964665622395833422e+00
1.973599510416666591e+00
1.982238475260416521e+00
1.990609170572916753e+00
1.998741872395833452e+00
2.006671270833332965e+00
2.014420260416666775e+00
2.022009257812499960e+00
2.029458562499999896e+00
2.036777635416666676e+00
2.043979468750000361e+00
2.051073963541666600e+00
2.058074734374999881e+00
2.065002554687500158e+00
2.071881914062499774e+00
2.078731574218749767e+00
2.085563618489583160e+00
2.092380438802083464e+00
2.099163477864583349e+00
2.105914679687499902e+00
2.112618194010416506e+00
2.119253769531249887e+00
2.125817505208333458e+00
2.132285652343749671e+00
2.138669248697916636e+00
2.144985703125000143e+00
2.151232143229166560e+00
2.157436897135416753e+00
2.163618173177083381e+00
2.169778972656250193e+00
2.175905057291666722e+00
2.181968429687500155e+00
2.187934550781249765e+00
2.193771946614583523e+00
2.199449748697916540e+00
2.204943244791666590e+00
2.210249976562499885e+00
2.215367385416666668e+00
2.220309210937500222e+00
2.225100208333333551e+00
2.229762373697916633e+00
2.234311510416666646e+00
2.238778652343750064e+00
2.243168050781250145e+00
2.247501085937499976e+00
2.251775618489583408e+00
2.255995309895833412e+00
2.260153729166666459e+00
2.264242411458333493e+00
2.268260401041666707e+00
2.272194740885416397e+00
2.276027276041666436e+00
2.279748153645833497e+00
2.283347186197916656e+00
2.286816540364583261e+00
2.290151014322916456e+00
2.293350606770833355e+00
2.296419026041666367e+00
2.299360901041666683e+00
2.302181037760416604e+00
2.304883123697916592e+00
2.307467481770833384e+00
2.309932367187500279e+00
2.312274604166666858e+00
2.314490570312500051e+00
2.316576787760416867e+00
2.318526514322916565e+00
2.320334420572916390e+00
2.321995264322916697e+00
2.323501221354166812e+00
2.324853154947916778e+00
2.326045059895833322e+00
2.327081567708333409e+00
2.327964153645833090e+00
2.328696069010416370e+00
2.329273385416666731e+00
2.329698148437500116e+00
2.329967365885416530e+00
2.330072417968750198e+00
2.330018167968749498e+00
2.329796382812499900e+00
2.329414141927083293e+00
2.328874457031249623e+00
2.328176151041666753e+00
2.327323906250000185e+00
2.326319139322917007e+00
2.325157020833333643e+00
2.323831644531249907e+00
2.322344833333333192e+00
2.320692416666666702e+00
2.318875514322916498e+00
2.316896221354166396e+00
2.314767024739583068e+00
2.312501210937500051e+00
2.310113927083333518e+00
2.307622868489583201e+00
2.305039927083333495e+00
2.302376808593750379e+00
2.299639553385416590e+00
2.296827837239583392e+00
2.293938235677083437e+00
2.290967050781250069e+00
2.287911805989583325e+00
2.284767459635416831e+00
2.281530539062500029e+00
2.278202286458333337e+00
2.274785032552083308e+00
2.271284121093750219e+00
2.267700941406249893e+00
2.264032227864583469e+00
2.260277156249999919e+00
2.256435835937499856e+00
2.252509923177083540e+00
2.248502864583333150e+00
2.244425373697916726e+00
2.240276876302083497e+00
2.236055464843750062e+00
2.231763498697916681e+00
2.227397069010416786e+00
2.222952579427083464e+00
2.218428744791666407e+00
2.213822464843750115e+00
2.209140055989583296e+00
2.204378184895833481e+00
2.199539760416666656e+00
2.194626154947916685e+00
2.189642036458332885e+00
2.184589148437499961e+00
2.179472694010416323e+00
2.174293652343749716e+00
2.169053691406249929e+00
2.163757027343749861e+00
2.158407343749999985e+00
2.153009184895833261e+00
2.147568196614583425e+00
2.142090876302083391e+00
2.136583634114583408e+00
2.131051692708333167e+00
2.125498424479166371e+00
2.119924800781249896e+00
2.114330106770833329e+00
2.108714688802083348e+00
2.103076365885416354e+00
2.097416010416667032e+00
2.091731917968749688e+00
2.086028070312500038e+00
2.080302272135416519e+00
2.074554886718749991e+00
2.068788983072916476e+00
2.063006203125000493e+00
2.057210257812499776e+00
2.051404812499999952e+00
2.045592339843750107e+00
2.039778468750000240e+00
2.033968252604166693e+00
2.028165195312499947e+00
2.022369031249999782e+00
2.016575541666666638e+00
2.010782733072916884e+00
2.004990235677083010e+00
1.999191488281250040e+00
1.993387207031249941e+00
1.987582576822916947e+00
1.981784691406250021e+00
1.976000481770833206e+00
1.970237915364583259e+00
1.964501822916666640e+00
1.958789953124999927e+00
1.953090769531249826e+00
1.947384477864583241e+00
1.941658358072916535e+00
1.935912243489583240e+00
1.930155882812500279e+00
1.924406419270833446e+00
1.918678294270833362e+00
1.912985730468750090e+00
1.907332049479166791e+00
1.901712821614583548e+00
1.896118742187500095e+00
1.890542723958333227e+00
1.884981404947916772e+00
1.879433820312500059e+00
1.873900322916666639e+00
1.868380351562499930e+00
1.862874190104166772e+00
1.857382173177083429e+00
1.851904330729166714e+00
1.846443388020833076e+00
1.841001658854166889e+00
1.835579779947916768e+00
1.830177404947916697e+00
1.824792102864583265e+00
1.819419583333333534e+00
1.814052276041666856e+00
1.808682192708333192e+00
1.803303322916666618e+00
1.797912416666666457e+00
1.792513218750000137e+00
1.787111701822916787e+00
1.781715888020833249e+00
1.776338145833333160e+00
1.770988721354166628e+00
1.765677328125000001e+00
1.760411779947916644e+00
1.755195085937500066e+00
1.750031032552083587e+00
1.744920440104166914e+00
1.739868865885416893e+00
1.734883589843750018e+00
1.729973049479166747e+00
1.725136569010416565e+00
1.720355156249999906e+00
1.715590011718749919e+00
1.710793916666666803e+00
1.705940453124999978e+00
1.701045177083333471e+00
1.696155963541666312e+00
1.691327541666666656e+00
1.686592024739583140e+00
1.681957882812499916e+00
1.677404132812500004e+00
1.672902524739583230e+00
1.668432236979166872e+00
1.663982934895833266e+00
1.659550656250000200e+00
1.655133665364583395e+00
1.650729305989583340e+00
1.646335437500000110e+00
1.641952411458333261e+00
1.637580929687500131e+00
1.633223824218750009e+00
1.628885062500000203e+00
1.624568009114583544e+00
1.620275648437499827e+00
1.616009566406249931e+00
1.611769437500000235e+00
1.607554690104166850e+00
1.603364235677083416e+00
1.599196665364583270e+00
1.595051378906250150e+00
1.590928479166666465e+00
1.586830694010416876e+00
1.582764032552083533e+00
1.578738281249999931e+00
1.574766773437499934e+00
1.570860950520833299e+00
1.567027638020833225e+00
1.563264450520833293e+00
1.559554519531250127e+00
1.555870606770833220e+00
1.552183821614583126e+00
1.548479041666666944e+00
1.544771463541666501e+00
1.541098882812500070e+00
1.537497286458333390e+00
1.533978330729166784e+00
1.530532373697916837e+00
1.527135932291666665e+00
1.523770338541666547e+00
1.520424075520833362e+00
1.517093540364583326e+00
1.513780122395833372e+00
1.510485460937500024e+00
1.507215587239583598e+00
1.503978321614583225e+00
1.500782382812499982e+00
1.497633227864583416e+00
1.494534790364583365e+00
1.491486704427083199e+00
1.488485076822916753e+00
1.485521680989583260e+00
1.482584636718749849e+00
1.479662502604166763e+00
1.476747652343749939e+00
1.473839575520833334e+00
1.470944855468750090e+00
1.468072690104166744e+00
1.465229764322916850e+00
1.462418022135416606e+00
1.459637213541666867e+00
1.456889117187500027e+00
1.454180906249999738e+00
1.451524751302083471e+00
1.448933222656249908e+00
1.446409408854166578e+00
1.443934401041666815e+00
1.441462980468749988e+00
1.438938178385416711e+00
1.436318299479166560e+00
1.433613658854166806e+00
1.430891381510416727e+00
1.428230598958333486e+00
1.425673816406250127e+00
1.423209937500000022e+00
1.420798893229166637e+00
1.418410214843750294e+00
1.416034463541666399e+00
1.413677273437500048e+00
1.411346369791666833e+00
1.409045454427083399e+00
1.406775591145833060e+00
1.404537207031250068e+00
1.402331091145833319e+00
1.400158986979166853e+00
1.398023944010416741e+00
1.395929253906250223e+00
1.393877057291666999e+00
1.391868462239583160e+00
1.389905848958333578e+00
1.387994397135416946e+00
1.386138841145833078e+00
1.384342309895833401e+00
1.382605080729166547e+00
1.380918651041666889e+00
1.379266873697916784e+00
1.377628589843749696e+00
1.375983037760416750e+00
1.374319912760416429e+00
1.372652541666666615e+00
1.371015313802083524e+00
1.369438014322916786e+00
1.367925686197916546e+00
1.366460092447916663e+00
1.365013707031250023e+00
1.363567062499999816e+00
1.362114036458333288e+00
1.360658233072916445e+00
1.359208339843750224e+00
1.357773794270833223e+00
1.356357638020833312e+00
1.354961632812499817e+00
1.353586442708333282e+00
1.352232165364583238e+00
1.350899414062499915e+00
1.349590076822916762e+00
1.348306014322916857e+00
1.347045751302083261e+00
1.345803746093749753e+00
1.344572471354166687e+00
1.343346914062500064e+00
1.342128011718749958e+00
1.340922601562500205e+00
1.339739959635416922e+00
1.338587188802083494e+00
1.337467717447916593e+00
1.336382381510416550e+00
1.335332035156249875e+00
1.334314897135416622e+00
1.333318808593749960e+00
1.332316098958333361e+00
1.331271957031249897e+00
1.330166584635416704e+00
1.329010558593749947e+00
1.327857214843749967e+00
1.326781888020833300e+00
1.325831428385416677e+00
1.324998139322916657e+00
1.324238485677083244e+00
1.323507367187499950e+00
1.322779716145833229e+00
1.322050493489583589e+00
1.321322095052083201e+00
1.320597864583333392e+00
1.319881510416666570e+00
1.319181704427083268e+00
1.318516466145833510e+00
1.317903959635416733e+00
1.317360093750000072e+00
1.316891635416666873e+00
1.316493942708333309e+00
1.316153080729166591e+00
1.315843539062499845e+00
1.315535787760416575e+00
1.315202545572916604e+00
1.314820703125000101e+00
1.314378710937500028e+00
1.313885007812499950e+00
1.313374369791666663e+00
1.312898052083333100e+00
1.312492105468749948e+00
1.312159457031249810e+00
1.311875877604166574e+00
1.311608425781250142e+00
1.311333781250000108e+00
1.311045096354166661e+00
1.310748606770833380e+00
1.310456320312499923e+00
1.310175138020833296e+00
1.309907834635416712e+00
1.309655006510416664e+00
1.309419078125000135e+00
1.309206104166666718e+00
1.309023480468749945e+00
1.308873018229166574e+00
1.308745338541666525e+00
1.308620938802083300e+00
1.308479480468750067e+00
1.308311325520833401e+00
1.308123391927083379e+00
1.307934834635416710e+00
1.307766269531249970e+00
1.307631196614583269e+00
1.307535322916666631e+00
1.307479531250000049e+00
1.307462708333333445e+00
1.307478515624999948e+00
1.307509886718750014e+00
1.307527187500000077e+00
1.307499407552083381e+00
1.307412584635416541e+00
1.307279993489583347e+00
1.307146356770833240e+00
1.307073873697916833e+00
1.307105095052083277e+00
1.307242036458333478e+00
1.307455764322916769e+00
1.307710480468750047e+00
1.307982824218749895e+00
1.308264044270833315e+00
1.308555764322916648e+00
1.308859333333333375e+00
1.309170257812499960e+00
1.309485988281249957e+00
1.309808796874999848e+00
1.310142680989583308e+00
1.310488014322916728e+00
1.310840313802083434e+00
1.311192989583333413e+00
1.311536669270833455e+00
1.311860018229166647e+00
1.312156069010416815e+00
1.312429234374999920e+00
1.312700755208333403e+00
1.312997904947916572e+00
1.313337250000000012e+00
1.313718113281250099e+00
1.314126876302083247e+00
1.314546886718749974e+00
1.314966746093749972e+00
1.315382729166666653e+00
1.315797950520833259e+00
1.316218546874999840e+00
1.316648125000000169e+00
1.317083674479166744e+00
1.317516350260416802e+00
1.317938238281249896e+00
1.318349606770833349e+00
1.318758901041666709e+00
1.319173608072916615e+00
1.319592752604166641e+00
1.320008389322916864e+00
1.320413738281249971e+00
1.320810361979166681e+00
1.321209031250000221e+00
1.321625278645833346e+00
1.322071433593750012e+00
1.322549993489583464e+00
1.323051466145833244e+00
1.323558906249999945e+00
1.324053401041666689e+00
1.324516597656250072e+00
1.324933388020833158e+00
1.325301039062500186e+00
1.325638579427083297e+00
1.325986654947916676e+00
1.326399156249999933e+00
1.326920347656249888e+00
1.327557648437500015e+00
1.328276042968749904e+00
1.329020851562500161e+00
1.329747290364583279e+00
1.330437317708333289e+00
1.331098104166666518e+00
1.331752436197916722e+00
1.332424730468749985e+00
1.333129345052083137e+00
1.333862735677083577e+00
1.334600027343749717e+00
1.335304020833333327e+00
1.335942536458333274e+00
1.336503143229166746e+00
1.337000348958333307e+00
1.337472916666666789e+00
1.337972592447916886e+00
1.338540760416666586e+00
1.339188760416666568e+00
1.339897287760416722e+00
1.340630406249999851e+00
1.341354588541666670e+00
1.342050871093750208e+00
1.342715110677083379e+00
1.343349988281249852e+00
1.343957872395833419e+00
1.344540072916666773e+00
1.345101619791666758e+00
1.345651648437500070e+00
1.346197475260416665e+00
1.346739140625000219e+00
1.347270985677083255e+00
1.347788058593749838e+00
1.348290249999999801e+00
1.348781550781249949e+00
1.349266015625000037e+00
1.349745782552083329e+00
1.350222289062499970e+00
1.350698820312499882e+00
1.351180105468749781e+00
1.351668535156250073e+00
1.352160326822916758e+00
1.352644121093749874e+00
1.353102938802083210e+00
1.353517665364583289e+00
1.353873666666666642e+00
1.354171925781249897e+00
1.354435289062499992e+00
1.354703839843749869e+00
1.355025597656249969e+00
1.355438106770833429e+00
1.355949898437500023e+00
1.356539656249999837e+00
1.357171208333333157e+00
1.357811765624999945e+00
1.358442865885416850e+00
1.359057451822916596e+00
1.359646582031250217e+00
1.360189436197916324e+00
1.360654927083333687e+00
1.361014808593750125e+00
1.361262273437500170e+00
1.361420222656250401e+00
1.361536692708333218e+00
1.361671078124999879e+00
1.361872532552083293e+00
1.362160019531249988e+00
1.362518404947916650e+00
1.362909601562499740e+00
1.363289378906249683e+00
1.363624423177083544e+00
1.363898079427083410e+00
1.364106524739583159e+00
1.364252536458333109e+00
1.364341921875000141e+00
1.364382674479166724e+00
1.364383403645833326e+00
1.364349319010416339e+00
1.364282260416666448e+00
1.364183645833333403e+00
1.364056259114583503e+00
1.363902516927083086e+00
1.363721402343750055e+00
1.363508055989583356e+00
1.363256170572916703e+00
1.362963910156249847e+00
1.362638402343749888e+00
1.362292278645833354e+00
1.361936265625000031e+00
1.361572042968749896e+00
1.361187746093750262e+00
1.360757240885416719e+00
1.360243196614583594e+00
1.359608009114583238e+00
1.358832796875000026e+00
1.357933510416666545e+00
1.356962328125000061e+00
1.355998819010417078e+00
1.355123154947916575e+00
1.354383376302083164e+00
1.353781131510416680e+00
1.353277442708333389e+00
1.352809441406250146e+00
1.352308352864583396e+00
1.351712390624999927e+00
1.350970213541666576e+00
1.350043022135416493e+00
1.348913463541666635e+00
1.347594184895833491e+00
1.346129345052083481e+00
1.344590322916666691e+00
1.343055364583333189e+00
1.341580932291666528e+00
1.340184147135416559e+00
1.338842842447916626e+00
1.337508951822916847e+00
1.336127236979166577e+00
1.334653119791666676e+00
1.333060628906250100e+00
1.331339778645833194e+00
1.329490187499999809e+00
1.327516949218749964e+00
1.325429033854166549e+00
1.323236634114583365e+00
1.320948095052083326e+00
1.318569764322916615e+00
1.316107100260416551e+00
1.313563464843749973e+00
1.310937871093750040e+00
1.308224684895833212e+00
1.305415124999999898e+00
1.302502662760416818e+00
1.299488785156249993e+00
1.296383829427083301e+00
1.293202916666666757e+00
1.289958937500000014e+00
1.286656239583333416e+00
1.283280143229166725e+00
1.279790175781249983e+00
1.276129381510416660e+00
1.272239630208333416e+00
1.268094524739583395e+00
1.263729277343750068e+00
1.259236227864583446e+00
1.254742687500000065e+00
1.250360059895833320e+00
1.246144828125000048e+00
1.242086722656249975e+00
1.238120109375000055e+00
1.234147397135416879e+00
1.230058917968749999e+00
1.225750345052083246e+00
1.221150811197916797e+00
1.216240111979166594e+00
1.211052873697916699e+00
1.205675403645833477e+00
1.200214753906249987e+00
1.194765483072916856e+00
1.189382606770833517e+00
1.184070799479166602e+00
1.178793653645833439e+00
1.173492066406250034e+00
1.168103563802083356e+00
1.162578789062499895e+00
1.156887123697916575e+00
1.151017285156250125e+00
1.144969625000000102e+00
1.138751268229166724e+00
1.132373194010416695e+00
1.125847802083333349e+00
1.119186356770833335e+00
1.112397760416666603e+00
1.105488332031250076e+00
1.098461161458333279e+00
1.091315752604166578e+00
1.084048627604166759e+00
1.076655729166666520e+00
1.069136096354166732e+00
1.061496076822916690e+00
1.053751044401041614e+00
1.045923723437500064e+00
1.038039129687500006e+00
1.030113325520833234e+00
1.022141298697916811e+00
1.014089333333333398e+00
1.005900322786458245e+00
9.975322587239583427e-01
9.890026792968749092e-01
9.803847763020833161e-01
9.718115618489582275e-01
9.634208869791666130e-01
9.553070875000000406e-01
9.474995552083335104e-01
9.399633252604165934e-01
9.326112985677083023e-01
9.253319807291665589e-01
9.180141649739583798e-01
9.105832164062500622e-01
9.030288364583333172e-01
8.954062511718751116e-01
8.878098536458333134e-01
8.803367095052082592e-01
8.730573223958333351e-01
8.660001532552085157e-01
8.591529157552083573e-01
8.524753148437499428e-01
8.459148009114582090e-01
8.394211759114583726e-01
8.329575923177084951e-01
8.265051623697917682e-01
8.200612346354168025e-01
8.136332356770834551e-01
8.072336802083333041e-01
8.008775544270833047e-01
7.945801611979167456e-01
7.883551638020832586e-01
7.822137329427083507e-01
7.761643130208334407e-01
7.702107441406250699e-01
7.643524042968751209e-01
7.585858121093750350e-01
7.529053501302082063e-01
7.473089945312499927e-01
7.417995105468749850e-01
7.363819710937500318e-01
7.310616859374999832e-01
7.258367751302082782e-01
7.206888632812500362e-01
7.155847119791666211e-01
7.104928835937499576e-01
7.054037876302082788e-01
7.003466296875000552e-01
6.953784436197917307e-01
6.905606639322915408e-01
6.859353287760416862e-01
6.815106695312499463e-01
6.772570562499998781e-01
6.731276859375000532e-01
6.690701252604167593e-01
6.650450470052082785e-01
6.610376251302083617e-01
6.570553735677083784e-01
6.531211582031249963e-01
6.492563390625000208e-01
6.454711544270833601e-01
6.417649278645832789e-01
6.381257001302084175e-01
6.345335062500000456e-01
6.309659938802083534e-01
6.274053281250000502e-01
6.238361782552083179e-01
6.202512897135417091e-01
6.166485661458332990e-01
6.130282235677083635e-01
6.093845816406250337e-01
6.057151373697916563e-01
6.020111605468749794e-01
5.982605832031250293e-01
5.944485773437500065e-01
5.905585036458332882e-01
5.865725936197917489e-01
5.824720940104166633e-01
5.782369799479166739e-01
5.738434781250000283e-01
5.692763108072916856e-01
