# radius [cm]
2.427459e+14
2.495246e+14
2.563032e+14
2.630819e+14
2.698605e+14
2.766392e+14
2.834178e+14
2.901965e+14
2.969751e+14
3.037538e+14
3.105325e+14
3.173111e+14
3.240898e+14
3.308684e+14
3.376471e+14
3.444257e+14
3.512044e+14
3.579830e+14
3.647617e+14
3.715403e+14
3.783190e+14
3.850976e+14
3.918763e+14
3.986550e+14
4.054336e+14
4.122123e+14
4.189909e+14
4.257696e+14
4.325482e+14
4.393269e+14
4.461055e+14
4.528842e+14
4.596628e+14
4.664415e+14
4.732201e+14
4.799988e+14
4.867774e+14
4.935561e+14
5.003348e+14
5.071134e+14
5.138921e+14
5.206707e+14
5.274494e+14
5.342280e+14
5.410067e+14
5.477853e+14
5.545640e+14
5.613426e+14
5.681213e+14
5.748999e+14
5.816786e+14
5.884572e+14
5.952359e+14
6.020146e+14
6.087932e+14
6.155719e+14
6.223505e+14
6.291292e+14
6.359078e+14
6.426865e+14
6.494651e+14
6.562438e+14
6.630224e+14
6.698011e+14
6.765797e+14
6.833584e+14
6.901371e+14
6.969157e+14
7.036944e+14
7.104730e+14
7.172517e+14
7.240303e+14
7.308090e+14
7.375876e+14
7.443663e+14
7.511449e+14
7.579236e+14
7.647022e+14
7.714809e+14
7.782595e+14
7.850382e+14
7.918169e+14
7.985955e+14
8.053742e+14
8.121528e+14
8.189315e+14
8.257101e+14
8.324888e+14
8.392674e+14
8.460461e+14
8.528247e+14
8.596034e+14
8.663820e+14
8.731607e+14
8.799393e+14
8.867180e+14
8.934967e+14
9.002753e+14
9.070540e+14
9.138326e+14
9.206113e+14
9.273899e+14
9.341686e+14
9.409472e+14
9.477259e+14
9.545045e+14
9.612832e+14
9.680618e+14
9.748405e+14
9.816192e+14
9.883978e+14
9.951765e+14
1.001955e+15
1.008734e+15
1.015512e+15
1.022291e+15
1.029070e+15
1.035848e+15
1.042627e+15
1.049406e+15
1.056184e+15
1.062963e+15
1.069742e+15
1.076520e+15
1.083299e+15
1.090078e+15
1.096856e+15
1.103635e+15
1.110414e+15
1.117192e+15
1.123971e+15
1.130750e+15
1.137528e+15
1.144307e+15
1.151085e+15
1.157864e+15
1.164643e+15
1.171421e+15
1.178200e+15
1.184979e+15
1.191757e+15
1.198536e+15
1.205315e+15
1.212093e+15
1.218872e+15
1.225651e+15
1.232429e+15
1.239208e+15
1.245987e+15
1.252765e+15
1.259544e+15
1.266323e+15
1.273101e+15
1.279880e+15
1.286659e+15
1.293437e+15
1.300216e+15
1.306995e+15
1.313773e+15
1.320552e+15
1.327330e+15
1.334109e+15
1.340888e+15
1.347666e+15
1.354445e+15
1.361224e+15
1.368002e+15
1.374781e+15
1.381560e+15
1.388338e+15
1.395117e+15
1.401896e+15
1.408674e+15
1.415453e+15
1.422232e+15
1.429010e+15
1.435789e+15
1.442568e+15
1.449346e+15
1.456125e+15
1.462904e+15
1.469682e+15
1.476461e+15
1.483240e+15
1.490018e+15
1.496797e+15
1.503575e+15
1.510354e+15
1.517133e+15
1.523911e+15
1.530690e+15
1.537469e+15
1.544247e+15
1.551026e+15
1.557805e+15
1.564583e+15
1.571362e+15
1.578141e+15
1.584919e+15
1.591698e+15
1.598477e+15
1.605255e+15
1.612034e+15
1.618813e+15
1.625591e+15
1.632370e+15
1.639149e+15
1.645927e+15
1.652706e+15
1.659485e+15
1.666263e+15
1.673042e+15
1.679820e+15
1.686599e+15
1.693378e+15
1.700156e+15
1.706935e+15
1.713714e+15
1.720492e+15
1.727271e+15
1.734050e+15
1.740828e+15
1.747607e+15
1.754386e+15
1.761164e+15
1.767943e+15
1.774722e+15
1.781500e+15
1.788279e+15
1.795058e+15
1.801836e+15
1.808615e+15
1.815394e+15
1.822172e+15
1.828951e+15
1.835729e+15
1.842508e+15
1.849287e+15
1.856065e+15
1.862844e+15
1.869623e+15
1.876401e+15
1.883180e+15
1.889959e+15
1.896737e+15
1.903516e+15
1.910295e+15
1.917073e+15
1.923852e+15
1.930631e+15
1.937409e+15
1.944188e+15
1.950967e+15
1.957745e+15
1.964524e+15
1.971303e+15
1.978081e+15
1.984860e+15
1.991639e+15
1.998417e+15
2.005196e+15
2.011974e+15
2.018753e+15
2.025532e+15
2.032310e+15
2.039089e+15
2.045868e+15
2.052646e+15
2.059425e+15
2.066204e+15
2.072982e+15
2.079761e+15
2.086540e+15
2.093318e+15
2.100097e+15
2.106876e+15
2.113654e+15
2.120433e+15
2.127212e+15
2.133990e+15
2.140769e+15
2.147548e+15
2.154326e+15
2.161105e+15
2.167884e+15
2.174662e+15
2.181441e+15
2.188219e+15
2.194998e+15
2.201777e+15
2.208555e+15
2.215334e+15
2.222113e+15
2.228891e+15
2.235670e+15
2.242449e+15
2.249227e+15
2.256006e+15
2.262785e+15
2.269563e+15
2.276342e+15
2.283121e+15
2.289899e+15
2.296678e+15
2.303457e+15
2.310235e+15
2.317014e+15
2.323793e+15
2.330571e+15
2.337350e+15
2.344129e+15
2.350907e+15
2.357686e+15
2.364464e+15
2.371243e+15
2.378022e+15
2.384800e+15
2.391579e+15
2.398358e+15
2.405136e+15
2.411915e+15
2.418694e+15
2.425472e+15
2.432251e+15
2.439030e+15
2.445808e+15
2.452587e+15
2.459366e+15
2.466144e+15
2.472923e+15
2.479702e+15
2.486480e+15
2.493259e+15
2.500038e+15
2.506816e+15
2.513595e+15
2.520374e+15
2.527152e+15
2.533931e+15
2.540709e+15
2.547488e+15
2.554267e+15
2.561045e+15
2.567824e+15
2.574603e+15
2.581381e+15
2.588160e+15
2.594939e+15
2.601717e+15
2.608496e+15
2.615275e+15
2.622053e+15
2.628832e+15
2.635611e+15
2.642389e+15
2.649168e+15
2.655947e+15
2.662725e+15
2.669504e+15
2.676283e+15
2.683061e+15
2.689840e+15
2.696618e+15
2.703397e+15
2.710176e+15
2.716954e+15
2.723733e+15
2.730512e+15
2.737290e+15
2.744069e+15
2.750848e+15
2.757626e+15
2.764405e+15
2.771184e+15
2.777962e+15
2.784741e+15
2.791520e+15
2.798298e+15
2.805077e+15
2.811856e+15
2.818634e+15
2.825413e+15
2.832192e+15
2.838970e+15
2.845749e+15
2.852528e+15
2.859306e+15
2.866085e+15
2.872863e+15
2.879642e+15
2.886421e+15
2.893199e+15
2.899978e+15
2.906757e+15
2.913535e+15
2.920314e+15
2.927093e+15
2.933871e+15
2.940650e+15
2.947429e+15
2.954207e+15
2.960986e+15
2.967765e+15
2.974543e+15
2.981322e+15
2.988101e+15
2.994879e+15
3.001658e+15
3.008437e+15
3.015215e+15
3.021994e+15
3.028773e+15
3.035551e+15
3.042330e+15
3.049108e+15
3.055887e+15
3.062666e+15
3.069444e+15
3.076223e+15
3.083002e+15
3.089780e+15
3.096559e+15
3.103338e+15
3.110116e+15
3.116895e+15
3.123674e+15
3.130452e+15
3.137231e+15
3.144010e+15
3.150788e+15
3.157567e+15
3.164346e+15
3.171124e+15
3.177903e+15
3.184682e+15
3.191460e+15
3.198239e+15
3.205018e+15
3.211796e+15
3.218575e+15
3.225353e+15
3.232132e+15
3.238911e+15
3.245689e+15
3.252468e+15
3.259247e+15
3.266025e+15
3.272804e+15
3.279583e+15
3.286361e+15
3.293140e+15
3.299919e+15
3.306697e+15
3.313476e+15
3.320255e+15
3.327033e+15
3.333812e+15
3.340591e+15
3.347369e+15
3.354148e+15
3.360927e+15
3.367705e+15
3.374484e+15
3.381262e+15
3.388041e+15
3.394820e+15
3.401598e+15
3.408377e+15
3.415156e+15
3.421934e+15
3.428713e+15
3.435492e+15
3.442270e+15
3.449049e+15
3.455828e+15
3.462606e+15
3.469385e+15
3.476164e+15
3.482942e+15
3.489721e+15
3.496500e+15
3.503278e+15
3.510057e+15
3.516836e+15
3.523614e+15
3.530393e+15
3.537172e+15
3.543950e+15
3.550729e+15
3.557507e+15
3.564286e+15
3.571065e+15
3.577843e+15
3.584622e+15
3.591401e+15
3.598179e+15
3.604958e+15
3.611737e+15
3.618515e+15
3.625294e+15
3.632073e+15
3.638851e+15
3.645630e+15
3.652409e+15
3.659187e+15
3.665966e+15
3.672745e+15
3.679523e+15
3.686302e+15
3.693081e+15
3.699859e+15
3.706638e+15
3.713417e+15
3.720195e+15
3.726974e+15
3.733752e+15
3.740531e+15
3.747310e+15
3.754088e+15
3.760867e+15
3.767646e+15
3.774424e+15
3.781203e+15
3.787982e+15
3.794760e+15
3.801539e+15
3.808318e+15
3.815096e+15
3.821875e+15
3.828654e+15
3.835432e+15
3.842211e+15
3.848990e+15
3.855768e+15
3.862547e+15
3.869326e+15
3.876104e+15
3.882883e+15
3.889662e+15
3.896440e+15
3.903219e+15
3.909997e+15
3.916776e+15
3.923555e+15
3.930333e+15
3.937112e+15
3.943891e+15
3.950669e+15
3.957448e+15
3.964227e+15
3.971005e+15
3.977784e+15
3.984563e+15
3.991341e+15
3.998120e+15
4.004899e+15
4.011677e+15
4.018456e+15
4.025235e+15
4.032013e+15
4.038792e+15
4.045571e+15
4.052349e+15
4.059128e+15
4.065907e+15
4.072685e+15
4.079464e+15
4.086242e+15
4.093021e+15
4.099800e+15
4.106578e+15
4.113357e+15
4.120136e+15
4.126914e+15
4.133693e+15
4.140472e+15
4.147250e+15
4.154029e+15
4.160808e+15
4.167586e+15
4.174365e+15
4.181144e+15
4.187922e+15
4.194701e+15
4.201480e+15
4.208258e+15
4.215037e+15
4.221816e+15
4.228594e+15
4.235373e+15
4.242151e+15
4.248930e+15
4.255709e+15
4.262487e+15
4.269266e+15
4.276045e+15
4.282823e+15
4.289602e+15
4.296381e+15
4.303159e+15
4.309938e+15
4.316717e+15
4.323495e+15
4.330274e+15
4.337053e+15
4.343831e+15
4.350610e+15
4.357389e+15
4.364167e+15
4.370946e+15
4.377725e+15
4.384503e+15
4.391282e+15
4.398061e+15
4.404839e+15
4.411618e+15
4.418396e+15
4.425175e+15
4.431954e+15
4.438732e+15
4.445511e+15
4.452290e+15
4.459068e+15
4.465847e+15
4.472626e+15
4.479404e+15
4.486183e+15
4.492962e+15
4.499740e+15
4.506519e+15
4.513298e+15
4.520076e+15
4.526855e+15
4.533634e+15
4.540412e+15
4.547191e+15
4.553970e+15
4.560748e+15
4.567527e+15
4.574306e+15
4.581084e+15
4.587863e+15
4.594641e+15
4.601420e+15
4.608199e+15
4.614977e+15
4.621756e+15
4.628535e+15
4.635313e+15
4.642092e+15
4.648871e+15
4.655649e+15
4.662428e+15
4.669207e+15
4.675985e+15
4.682764e+15
4.689543e+15
4.696321e+15
4.703100e+15
4.709879e+15
4.716657e+15
4.723436e+15
4.730215e+15
4.736993e+15
4.743772e+15
4.750551e+15
4.757329e+15
4.764108e+15
4.770886e+15
4.777665e+15
4.784444e+15
4.791222e+15
4.798001e+15
4.804780e+15
4.811558e+15
4.818337e+15
4.825116e+15
4.831894e+15
4.838673e+15
4.845452e+15
4.852230e+15
4.859009e+15
4.865788e+15
4.872566e+15
4.879345e+15
4.886124e+15
4.892902e+15
4.899681e+15
4.906460e+15
4.913238e+15
4.920017e+15
4.926795e+15
4.933574e+15
4.940353e+15
4.947131e+15
4.953910e+15
4.960689e+15
4.967467e+15
4.974246e+15
4.981025e+15
4.987803e+15
4.994582e+15
5.001361e+15
5.008139e+15
5.014918e+15
5.021697e+15
5.028475e+15
5.035254e+15
5.042033e+15
5.048811e+15
5.055590e+15
5.062369e+15
5.069147e+15
5.075926e+15
5.082705e+15
5.089483e+15
5.096262e+15
5.103040e+15
5.109819e+15
5.116598e+15
5.123376e+15
5.130155e+15
5.136934e+15
5.143712e+15
5.150491e+15
5.157270e+15
5.164048e+15
5.170827e+15
5.177606e+15
5.184384e+15
5.191163e+15
5.197942e+15
5.204720e+15
5.211499e+15
5.218278e+15
5.225056e+15
5.231835e+15
5.238614e+15
5.245392e+15
5.252171e+15
5.258950e+15
5.265728e+15
5.272507e+15
5.279285e+15
5.286064e+15
5.292843e+15
5.299621e+15
5.306400e+15
5.313179e+15
5.319957e+15
5.326736e+15
5.333515e+15
5.340293e+15
5.347072e+15
5.353851e+15
5.360629e+15
5.367408e+15
5.374187e+15
5.380965e+15
5.387744e+15
5.394523e+15
5.401301e+15
5.408080e+15
5.414859e+15
5.421637e+15
5.428416e+15
5.435195e+15
5.441973e+15
5.448752e+15
5.455530e+15
5.462309e+15
5.469088e+15
5.475866e+15
5.482645e+15
5.489424e+15
5.496202e+15
5.502981e+15
5.509760e+15
5.516538e+15
5.523317e+15
5.530096e+15
5.536874e+15
5.543653e+15
5.550432e+15
5.557210e+15
5.563989e+15
5.570768e+15
5.577546e+15
5.584325e+15
5.591104e+15
5.597882e+15
5.604661e+15
5.611440e+15
5.618218e+15
5.624997e+15
5.631775e+15
5.638554e+15
5.645333e+15
5.652111e+15
5.658890e+15
5.665669e+15
5.672447e+15
5.679226e+15
5.686005e+15
5.692783e+15
5.699562e+15
5.706341e+15
5.713119e+15
5.719898e+15
5.726677e+15
5.733455e+15
5.740234e+15
5.747013e+15
5.753791e+15
5.760570e+15
5.767349e+15
5.774127e+15
5.780906e+15
5.787684e+15
5.794463e+15
5.801242e+15
5.808020e+15
5.814799e+15
5.821578e+15
5.828356e+15
5.835135e+15
5.841914e+15
5.848692e+15
5.855471e+15
5.862250e+15
5.869028e+15
5.875807e+15
5.882586e+15
5.889364e+15
5.896143e+15
5.902922e+15
5.909700e+15
5.916479e+15
5.923258e+15
5.930036e+15
5.936815e+15
5.943594e+15
5.950372e+15
5.957151e+15
5.963929e+15
5.970708e+15
5.977487e+15
5.984265e+15
5.991044e+15
5.997823e+15
6.004601e+15
6.011380e+15
6.018159e+15
6.024937e+15
6.031716e+15
6.038495e+15
6.045273e+15
6.052052e+15
6.058831e+15
6.065609e+15
6.072388e+15
6.079167e+15
6.085945e+15
6.092724e+15
6.099503e+15
6.106281e+15
6.113060e+15
6.119839e+15
6.126617e+15
6.133396e+15
6.140174e+15
6.146953e+15
6.153732e+15
6.160510e+15
6.167289e+15
6.174068e+15
6.180846e+15
6.187625e+15
6.194404e+15
6.201182e+15
6.207961e+15
6.214740e+15
6.221518e+15
6.228297e+15
6.235076e+15
6.241854e+15
6.248633e+15
6.255412e+15
6.262190e+15
6.268969e+15
6.275748e+15
6.282526e+15
6.289305e+15
6.296084e+15
6.302862e+15
6.309641e+15
6.316419e+15
6.323198e+15
6.329977e+15
6.336755e+15
6.343534e+15
6.350313e+15
6.357091e+15
6.363870e+15
6.370649e+15
6.377427e+15
6.384206e+15
6.390985e+15
6.397763e+15
6.404542e+15
6.411321e+15
6.418099e+15
6.424878e+15
6.431657e+15
6.438435e+15
6.445214e+15
6.451993e+15
6.458771e+15
6.465550e+15
6.472328e+15
6.479107e+15
6.485886e+15
6.492664e+15
6.499443e+15
6.506222e+15
6.513000e+15
6.519779e+15
6.526558e+15
6.533336e+15
6.540115e+15
6.546894e+15
6.553672e+15
6.560451e+15
6.567230e+15
6.574008e+15
6.580787e+15
6.587566e+15
6.594344e+15
6.601123e+15
6.607902e+15
6.614680e+15
6.621459e+15
6.628238e+15
6.635016e+15
6.641795e+15
6.648573e+15
6.655352e+15
6.662131e+15
6.668909e+15
6.675688e+15
6.682467e+15
6.689245e+15
6.696024e+15
6.702803e+15
6.709581e+15
6.716360e+15
6.723139e+15
6.729917e+15
6.736696e+15
6.743475e+15
6.750253e+15
6.757032e+15
6.763811e+15
6.770589e+15
6.777368e+15
6.784147e+15
6.790925e+15
6.797704e+15
6.804483e+15
6.811261e+15
6.818040e+15
6.824818e+15
6.831597e+15
6.838376e+15
6.845154e+15
6.851933e+15
6.858712e+15
6.865490e+15
6.872269e+15
6.879048e+15
6.885826e+15
6.892605e+15
6.899384e+15
6.906162e+15
6.912941e+15
6.919720e+15
6.926498e+15
6.933277e+15
6.940056e+15
6.946834e+15
6.953613e+15
6.960392e+15
6.967170e+15
6.973949e+15
6.980728e+15
6.987506e+15
6.994285e+15
7.001063e+15
7.007842e+15
7.014621e+15
7.021399e+15
7.028178e+15
7.034957e+15
7.041735e+15
7.048514e+15
7.055293e+15
7.062071e+15
7.068850e+15
7.075629e+15
7.082407e+15
7.089186e+15
7.095965e+15
7.102743e+15
7.109522e+15
7.116301e+15
7.123079e+15
7.129858e+15
7.136637e+15
7.143415e+15
7.150194e+15
7.156973e+15
7.163751e+15
7.170530e+15
7.177308e+15
