# simulation time [s]
0.000000e+00
1.997683e+11
3.995367e+11
5.993050e+11
7.990733e+11
9.988417e+11
1.198610e+12
1.398378e+12
1.598147e+12
1.797915e+12
1.997683e+12
2.197452e+12
2.397220e+12
2.596988e+12
2.796757e+12
2.996525e+12
3.196293e+12
3.396062e+12
3.595830e+12
3.795598e+12
3.995367e+12
4.195135e+12
4.394903e+12
4.594672e+12
4.794440e+12
4.994208e+12
5.193977e+12
5.393745e+12
5.593513e+12
5.793282e+12
5.993050e+12
6.192818e+12
6.392587e+12
6.592355e+12
6.792123e+12
6.991892e+12
7.191660e+12
7.391428e+12
7.591197e+12
7.790965e+12
7.990733e+12
8.190502e+12
8.390270e+12
8.590038e+12
8.789807e+12
8.989575e+12
9.189343e+12
9.389112e+12
9.588880e+12
9.788648e+12
9.988417e+12
1.018818e+13
1.038795e+13
1.058772e+13
1.078749e+13
1.098726e+13
1.118703e+13
1.138679e+13
1.158656e+13
1.178633e+13
1.198610e+13
1.218587e+13
1.238564e+13
1.258540e+13
1.278517e+13
1.298494e+13
1.318471e+13
1.338448e+13
1.358425e+13
1.378401e+13
1.398378e+13
1.418355e+13
1.438332e+13
1.458309e+13
1.478286e+13
1.498262e+13
1.518239e+13
1.538216e+13
1.558193e+13
1.578170e+13
1.598147e+13
1.618123e+13
1.638100e+13
1.658077e+13
1.678054e+13
1.698031e+13
1.718008e+13
1.737984e+13
1.757961e+13
1.777938e+13
1.797915e+13
1.817892e+13
1.837869e+13
1.857845e+13
1.877822e+13
1.897799e+13
1.917776e+13
1.937753e+13
1.957730e+13
1.977706e+13
1.997683e+13
2.017660e+13
2.037637e+13
2.057614e+13
2.077591e+13
2.097567e+13
2.117544e+13
2.137521e+13
2.157498e+13
2.177475e+13
2.197452e+13
2.217428e+13
2.237405e+13
2.257382e+13
2.277359e+13
2.297336e+13
2.317313e+13
2.337289e+13
2.357266e+13
2.377243e+13
2.397220e+13
2.417197e+13
2.437174e+13
2.457150e+13
2.477127e+13
2.497104e+13
2.517081e+13
2.537058e+13
2.557035e+13
2.577011e+13
2.596988e+13
2.616965e+13
2.636942e+13
2.656919e+13
2.676896e+13
2.696872e+13
2.716849e+13
2.736826e+13
2.756803e+13
2.776780e+13
2.796757e+13
2.816733e+13
2.836710e+13
2.856687e+13
2.876664e+13
2.896641e+13
2.916618e+13
2.936594e+13
2.956571e+13
2.976548e+13
2.996525e+13
3.016502e+13
3.036479e+13
3.056455e+13
3.076432e+13
3.096409e+13
3.116386e+13
3.136363e+13
3.156340e+13
3.176316e+13
3.196293e+13
3.216270e+13
3.236247e+13
3.256224e+13
3.276201e+13
3.296177e+13
3.316154e+13
3.336131e+13
3.356108e+13
3.376085e+13
3.396062e+13
3.416038e+13
3.436015e+13
3.455992e+13
3.475969e+13
3.495946e+13
3.515923e+13
3.535899e+13
3.555876e+13
3.575853e+13
3.595830e+13
3.615807e+13
3.635784e+13
3.655760e+13
3.675737e+13
3.695714e+13
3.715691e+13
3.735668e+13
3.755645e+13
3.775621e+13
3.795598e+13
3.815575e+13
3.835552e+13
3.855529e+13
3.875506e+13
3.895482e+13
3.915459e+13
3.935436e+13
3.955413e+13
3.975390e+13
3.995367e+13
4.015343e+13
4.035320e+13
4.055297e+13
4.075274e+13
4.095251e+13
4.115228e+13
4.135204e+13
4.155181e+13
4.175158e+13
4.195135e+13
4.215112e+13
4.235089e+13
4.255065e+13
4.275042e+13
4.295019e+13
4.314996e+13
4.334973e+13
4.354950e+13
4.374926e+13
4.394903e+13
4.414880e+13
4.434857e+13
4.454834e+13
4.474811e+13
4.494787e+13
4.514764e+13
4.534741e+13
4.554718e+13
4.574695e+13
4.594672e+13
4.614648e+13
4.634625e+13
4.654602e+13
4.674579e+13
4.694556e+13
4.714533e+13
4.734509e+13
4.754486e+13
4.774463e+13
4.794440e+13
4.814417e+13
4.834394e+13
4.854370e+13
4.874347e+13
4.894324e+13
4.914301e+13
4.934278e+13
4.954255e+13
4.974231e+13
4.994208e+13
5.014185e+13
5.034162e+13
5.054139e+13
5.074116e+13
5.094092e+13
5.114069e+13
5.134046e+13
5.154023e+13
5.174000e+13
5.193977e+13
5.213953e+13
5.233930e+13
5.253907e+13
5.273884e+13
5.293861e+13
5.313838e+13
5.333814e+13
5.353791e+13
5.373768e+13
5.393745e+13
5.413722e+13
5.433699e+13
5.453675e+13
5.473652e+13
5.493629e+13
5.513606e+13
5.533583e+13
5.553560e+13
5.573536e+13
5.593513e+13
5.613490e+13
5.633467e+13
5.653444e+13
5.673421e+13
5.693397e+13
5.713374e+13
5.733351e+13
5.753328e+13
5.773305e+13
5.793282e+13
5.813258e+13
5.833235e+13
5.853212e+13
5.873189e+13
5.893166e+13
5.913143e+13
5.933119e+13
5.953096e+13
5.973073e+13
5.993050e+13
