# relative error [-]
5.000000e-02
5.000000e-02
5.000000e-02
5.000000e-02
5.000000e-02
5.000000e-02
5.000000e-02
5.000000e-02
5.000000e-02
5.000000e-02
5.000000e-02
5.000000e-02
5.000000e-02
5.000000e-02
5.000000e-02
5.000000e-02
5.000000e-02
5.000000e-02
5.000000e-02
5.000000e-02
5.000000e-02
5.055543e-02
5.133809e-02
5.219866e-02
5.290363e-02
5.370574e-02
5.481234e-02
5.604968e-02
5.717601e-02
5.824626e-02
5.936633e-02
6.042623e-02
6.131087e-02
6.201292e-02
6.264929e-02
6.331097e-02
6.397411e-02
6.458194e-02
6.514509e-02
6.572519e-02
6.638349e-02
6.713539e-02
6.795138e-02
6.879077e-02
6.963345e-02
7.047584e-02
7.130937e-02
7.212685e-02
7.291199e-02
7.364254e-02
7.429790e-02
7.486501e-02
7.534546e-02
7.575213e-02
7.610223e-02
7.641504e-02
7.670832e-02
7.700479e-02
7.732845e-02
7.770904e-02
7.816798e-02
7.871484e-02
7.934867e-02
8.005128e-02
8.079400e-02
8.155288e-02
8.231287e-02
8.307038e-02
8.383298e-02
8.460471e-02
8.537667e-02
8.612045e-02
8.679769e-02
8.736410e-02
8.780098e-02
8.809555e-02
8.825552e-02
8.829952e-02
8.825320e-02
8.813501e-02
8.796593e-02
8.775320e-02
8.749818e-02
8.722025e-02
8.694060e-02
8.671098e-02
8.658830e-02
8.659405e-02
8.676338e-02
8.712981e-02
8.771811e-02
8.854559e-02
8.957777e-02
9.076009e-02
9.200622e-02
9.327845e-02
9.457247e-02
9.593667e-02
9.744095e-02
9.917288e-02
1.011526e-01
1.033550e-01
1.056934e-01
1.080391e-01
1.102968e-01
1.123937e-01
1.142926e-01
1.159561e-01
1.173504e-01
1.184409e-01
1.192201e-01
1.197112e-01
1.199514e-01
1.200262e-01
1.199794e-01
1.198302e-01
1.195486e-01
1.191124e-01
1.184843e-01
1.176564e-01
1.166373e-01
1.154687e-01
1.142118e-01
1.129398e-01
1.116752e-01
1.104721e-01
1.092949e-01
1.081081e-01
1.068382e-01
1.054226e-01
1.040079e-01
1.025587e-01
1.012001e-01
9.998059e-02
9.896773e-02
9.823332e-02
9.783026e-02
9.773633e-02
9.800747e-02
9.848863e-02
9.924715e-02
1.002844e-01
1.016948e-01
1.035529e-01
1.059453e-01
1.088623e-01
1.123427e-01
1.166122e-01
1.214011e-01
1.268512e-01
1.332792e-01
1.408739e-01
1.493255e-01
1.581602e-01
1.679480e-01
1.776988e-01
1.877364e-01
1.975457e-01
2.071143e-01
2.149264e-01
2.101640e-01
1.866575e-01
1.348075e-01
1.115760e-01
7.980023e-02
6.397655e-02
5.000000e-02
5.000000e-02
5.000000e-02
5.000000e-02
5.000000e-02
5.000000e-02
5.000000e-02
5.000000e-02
5.000000e-02
5.000000e-02
5.000000e-02
5.000000e-02
5.000000e-02
5.000000e-02
5.000000e-02
5.000000e-02
5.000000e-02
5.000000e-02
5.000000e-02
5.000000e-02
5.000000e-02
5.000000e-02
5.000000e-02
5.000000e-02
5.000000e-02
5.000000e-02
5.000000e-02
5.000000e-02
5.000000e-02
5.000000e-02
5.000000e-02
5.000000e-02
5.000000e-02
5.000000e-02
5.000000e-02
5.000000e-02
5.267680e-02
7.066129e-02
8.515485e-02
1.014439e-01
1.330213e-01
1.539244e-01
1.966818e-01
2.246135e-01
2.604249e-01
2.558481e-01
2.474522e-01
2.383658e-01
2.286298e-01
2.190197e-01
2.100290e-01
2.006083e-01
1.912632e-01
1.829362e-01
1.751677e-01
1.680705e-01
1.614827e-01
1.553911e-01
1.497844e-01
1.446158e-01
1.397532e-01
1.353296e-01
1.314423e-01
1.278123e-01
1.244188e-01
1.214655e-01
1.187006e-01
1.162001e-01
1.139516e-01
1.119163e-01
1.101703e-01
1.086159e-01
1.073291e-01
1.062954e-01
1.054334e-01
1.047797e-01
1.043349e-01
1.040344e-01
1.038099e-01
1.036532e-01
1.035469e-01
1.034594e-01
1.033503e-01
1.031571e-01
1.029175e-01
1.026365e-01
1.022933e-01
1.019272e-01
1.016085e-01
1.012991e-01
1.010515e-01
1.008487e-01
1.007392e-01
1.007175e-01
1.007851e-01
1.009332e-01
1.011333e-01
1.013774e-01
1.016720e-01
1.019928e-01
1.023647e-01
1.027888e-01
1.032909e-01
1.038579e-01
1.044797e-01
1.051425e-01
1.058258e-01
1.065037e-01
1.071784e-01
1.078371e-01
1.084754e-01
1.091105e-01
1.097617e-01
1.104078e-01
1.110737e-01
1.117588e-01
1.124467e-01
1.131327e-01
1.138077e-01
1.144505e-01
1.150728e-01
1.156583e-01
1.162048e-01
1.167154e-01
1.172028e-01
1.176672e-01
1.181104e-01
1.185313e-01
1.189293e-01
1.193008e-01
1.196458e-01
1.199519e-01
1.202202e-01
1.204479e-01
1.206323e-01
1.207730e-01
1.208752e-01
1.209396e-01
1.209767e-01
1.209848e-01
1.209627e-01
1.209108e-01
1.208244e-01
1.207035e-01
1.205528e-01
1.203774e-01
1.201822e-01
1.199716e-01
1.197434e-01
1.194935e-01
1.192171e-01
1.189088e-01
1.185686e-01
1.181974e-01
1.178015e-01
1.173888e-01
1.169659e-01
1.165403e-01
1.161075e-01
1.156709e-01
1.152293e-01
1.147809e-01
1.143284e-01
1.138709e-01
1.134146e-01
1.129642e-01
1.125186e-01
1.120845e-01
1.116637e-01
1.112536e-01
1.108505e-01
1.104496e-01
1.100451e-01
1.096321e-01
1.092088e-01
1.087769e-01
1.083413e-01
1.079074e-01
1.074795e-01
1.070640e-01
1.066689e-01
1.062983e-01
1.059534e-01
1.056278e-01
1.053201e-01
1.050198e-01
1.047138e-01
1.043948e-01
1.040571e-01
1.036980e-01
1.033255e-01
1.029443e-01
1.025623e-01
1.021871e-01
1.018181e-01
1.014534e-01
1.010907e-01
1.007266e-01
1.003541e-01
9.997585e-02
9.959559e-02
9.921352e-02
9.883304e-02
9.845505e-02
9.807693e-02
9.769289e-02
9.729631e-02
9.688068e-02
9.643905e-02
9.596756e-02
9.546557e-02
9.493451e-02
9.438251e-02
9.381773e-02
9.325171e-02
9.269437e-02
9.215237e-02
9.162774e-02
9.112060e-02
9.062967e-02
9.015306e-02
8.969028e-02
8.924498e-02
8.882050e-02
8.841918e-02
8.804281e-02
8.769347e-02
8.737129e-02
8.707469e-02
8.680215e-02
8.655082e-02
8.631504e-02
8.608848e-02
8.586576e-02
8.563846e-02
8.540155e-02
8.515073e-02
8.488070e-02
8.458683e-02
8.426225e-02
8.390392e-02
8.350697e-02
8.307521e-02
8.261342e-02
8.213950e-02
8.166982e-02
8.122444e-02
8.081837e-02
8.046027e-02
8.015024e-02
7.988104e-02
7.963803e-02
7.940357e-02
7.915730e-02
7.888018e-02
7.855711e-02
7.817825e-02
7.774199e-02
7.725388e-02
7.672816e-02
7.618778e-02
7.566004e-02
7.517332e-02
7.475031e-02
7.440700e-02
7.415105e-02
7.397756e-02
7.387753e-02
7.383281e-02
7.382703e-02
7.384029e-02
7.385523e-02
7.385575e-02
7.382799e-02
7.375716e-02
7.362965e-02
7.342345e-02
7.311432e-02
7.267465e-02
7.208728e-02
7.136349e-02
7.054686e-02
6.971679e-02
6.896834e-02
6.838588e-02
6.801882e-02
6.786424e-02
6.787248e-02
6.796723e-02
6.807062e-02
6.811856e-02
6.807169e-02
6.791495e-02
6.765225e-02
6.730146e-02
6.688868e-02
6.644615e-02
6.600617e-02
6.559918e-02
6.524867e-02
6.496640e-02
6.475040e-02
6.458505e-02
6.444570e-02
6.430209e-02
6.412776e-02
6.390436e-02
6.362468e-02
6.329369e-02
6.292636e-02
6.254253e-02
6.216358e-02
6.180556e-02
6.147973e-02
6.119211e-02
6.094585e-02
6.074529e-02
6.059458e-02
6.049614e-02
6.044160e-02
6.041132e-02
6.037093e-02
6.027688e-02
6.008251e-02
5.975069e-02
5.926525e-02
5.863996e-02
5.792586e-02
5.720211e-02
5.656187e-02
5.608722e-02
5.582147e-02
5.575616e-02
5.583390e-02
5.597251e-02
5.609151e-02
5.612990e-02
5.605432e-02
5.585771e-02
5.555679e-02
5.518625e-02
5.479522e-02
5.443756e-02
5.415646e-02
5.396901e-02
5.385747e-02
5.377453e-02
5.366111e-02
5.347023e-02
5.318178e-02
5.280972e-02
5.239464e-02
5.198723e-02
5.163326e-02
5.135726e-02
5.115709e-02
5.100955e-02
5.088541e-02
5.076348e-02
5.063766e-02
5.051093e-02
5.037987e-02
5.022060e-02
5.000000e-02
5.000000e-02
5.000000e-02
5.000000e-02
5.000000e-02
5.000000e-02
5.000000e-02
5.000000e-02
5.000000e-02
5.000000e-02
5.000000e-02
5.000000e-02
5.000000e-02
5.000000e-02
5.000000e-02
5.000000e-02
5.000000e-02
5.000000e-02
5.000000e-02
5.000000e-02
5.000000e-02
5.000000e-02
5.000000e-02
5.000000e-02
5.000000e-02
5.000000e-02
5.000000e-02
5.000000e-02
5.000000e-02
5.000000e-02
5.000000e-02
5.000000e-02
5.000000e-02
5.000000e-02
5.000000e-02
5.000000e-02
5.000000e-02
5.000000e-02
5.000000e-02
5.000000e-02
5.000000e-02
5.000000e-02
5.000000e-02
5.000000e-02
5.000000e-02
5.000000e-02
5.000000e-02
5.000000e-02
5.000000e-02
5.000000e-02
5.000000e-02
5.000000e-02
5.000000e-02
5.000000e-02
5.000000e-02
5.000000e-02
5.000000e-02
5.000000e-02
5.000000e-02
5.000000e-02
5.000000e-02
5.000000e-02
5.000000e-02
5.000000e-02
5.000000e-02
5.000000e-02
5.000000e-02
5.000000e-02
5.000000e-02
5.000000e-02
5.000000e-02
5.000000e-02
5.000000e-02
5.000000e-02
5.000000e-02
5.000000e-02
5.000000e-02
5.000000e-02
5.000000e-02
5.000000e-02
5.000000e-02
5.000000e-02
5.000000e-02
5.000000e-02
5.000000e-02
5.000000e-02
5.000000e-02
5.000000e-02
5.000000e-02
5.000000e-02
5.000000e-02
5.000000e-02
5.000000e-02
5.000000e-02
5.000000e-02
5.000000e-02
5.000000e-02
5.000000e-02
5.000000e-02
5.000000e-02
5.000000e-02
5.000000e-02
5.000000e-02
5.000000e-02
5.000000e-02
5.000000e-02
5.000000e-02
5.000000e-02
5.000000e-02
5.000000e-02
5.000000e-02
5.000000e-02
5.000000e-02
5.000000e-02
5.000000e-02
5.000000e-02
5.000000e-02
5.000000e-02
5.000000e-02
5.000000e-02
5.000000e-02
5.000000e-02
5.000000e-02
5.000000e-02
5.000000e-02
5.000000e-02
5.000000e-02
5.000000e-02
5.000000e-02
5.000000e-02
5.000000e-02
5.000000e-02
5.000000e-02
5.000000e-02
5.000000e-02
5.000000e-02
5.000000e-02
5.000000e-02
5.000000e-02
5.000000e-02
5.000000e-02
5.000000e-02
5.000000e-02
5.000000e-02
5.000000e-02
5.000000e-02
5.000000e-02
5.000000e-02
5.000000e-02
5.000000e-02
5.000000e-02
5.000000e-02
5.000000e-02
5.000000e-02
5.000000e-02
5.000000e-02
5.000000e-02
5.000000e-02
5.000000e-02
5.000000e-02
5.000000e-02
5.000000e-02
5.000000e-02
5.000000e-02
5.000000e-02
5.000000e-02
5.000000e-02
5.000000e-02
5.000000e-02
5.000000e-02
5.000000e-02
5.000000e-02
5.000000e-02
5.000000e-02
5.000000e-02
5.000000e-02
5.000000e-02
5.000000e-02
5.000000e-02
5.000000e-02
5.000000e-02
5.000000e-02
5.000000e-02
5.000000e-02
5.000000e-02
5.000000e-02
5.000000e-02
5.000000e-02
5.000000e-02
5.000000e-02
5.000000e-02
5.000000e-02
5.000000e-02
5.000000e-02
5.000000e-02
5.000000e-02
5.000000e-02
5.000000e-02
5.000000e-02
5.000000e-02
5.000000e-02
5.000000e-02
5.000000e-02
5.000000e-02
5.000000e-02
5.000000e-02
5.000000e-02
5.000000e-02
5.000000e-02
5.000000e-02
5.000000e-02
5.000000e-02
5.000000e-02
5.000000e-02
5.000000e-02
5.000000e-02
5.000000e-02
5.000000e-02
5.000000e-02
5.000000e-02
5.000000e-02
5.000000e-02
5.000000e-02
5.000000e-02
5.000000e-02
5.000000e-02
5.000000e-02
5.000000e-02
5.000000e-02
5.000000e-02
5.000000e-02
5.000000e-02
5.000000e-02
5.000000e-02
5.000000e-02
5.000000e-02
5.000000e-02
5.000000e-02
5.000000e-02
5.000000e-02
5.000000e-02
5.000000e-02
5.000000e-02
5.000000e-02
5.000000e-02
5.000000e-02
5.000000e-02
5.000000e-02
5.000000e-02
5.000000e-02
5.000000e-02
5.000000e-02
5.000000e-02
5.000000e-02
5.000000e-02
5.000000e-02
5.000000e-02
5.000000e-02
5.000000e-02
5.000000e-02
5.000000e-02
5.000000e-02
5.000000e-02
5.000000e-02
5.000000e-02
5.000000e-02
5.000000e-02
5.000000e-02
5.000000e-02
5.000000e-02
5.000000e-02
5.000000e-02
5.000000e-02
5.000000e-02
5.000000e-02
5.000000e-02
5.000000e-02
5.000000e-02
5.000000e-02
5.000000e-02
5.000000e-02
5.000000e-02
5.000000e-02
5.000000e-02
5.000000e-02
5.000000e-02
5.000000e-02
5.000000e-02
5.000000e-02
5.000000e-02
5.000000e-02
5.000000e-02
5.000000e-02
5.000000e-02
5.000000e-02
5.000000e-02
5.000000e-02
5.000000e-02
5.000000e-02
5.000000e-02
5.000000e-02
5.000000e-02
5.000000e-02
5.000000e-02
5.000000e-02
5.000000e-02
5.000000e-02
5.000000e-02
5.000000e-02
5.000000e-02
5.000000e-02
5.000000e-02
5.000000e-02
5.000000e-02
5.000000e-02
5.000000e-02
5.000000e-02
5.000000e-02
5.000000e-02
5.000000e-02
5.000000e-02
5.000000e-02
5.000000e-02
5.000000e-02
5.000000e-02
5.000000e-02
5.000000e-02
5.000000e-02
5.000000e-02
5.000000e-02
5.000000e-02
5.000000e-02
5.000000e-02
5.000000e-02
5.000000e-02
5.000000e-02
5.000000e-02
5.000000e-02
5.000000e-02
5.000000e-02
5.000000e-02
5.000000e-02
5.000000e-02
5.000000e-02
5.000000e-02
5.000000e-02
5.000000e-02
5.000000e-02
5.000000e-02
5.000000e-02
5.000000e-02
5.000000e-02
5.000000e-02
5.000000e-02
5.000000e-02
5.000000e-02
5.000000e-02
5.000000e-02
5.000000e-02
5.000000e-02
5.000000e-02
5.000000e-02
5.000000e-02
5.000000e-02
5.000000e-02
5.000000e-02
5.000000e-02
5.000000e-02
5.000000e-02
5.000000e-02
5.000000e-02
5.000000e-02
5.000000e-02
5.000000e-02
5.000000e-02
5.000000e-02
5.000000e-02
5.000000e-02
5.000000e-02
5.000000e-02
5.000000e-02
5.000000e-02
5.000000e-02
5.000000e-02
5.000000e-02
5.000000e-02
5.000000e-02
5.000000e-02
5.000000e-02
5.000000e-02
5.000000e-02
5.000000e-02
5.000000e-02
5.000000e-02
5.000000e-02
5.000000e-02
5.000000e-02
5.000000e-02
5.000000e-02
5.000000e-02
5.000000e-02
5.000000e-02
5.000000e-02
5.000000e-02
5.000000e-02
5.000000e-02
5.000000e-02
5.000000e-02
5.000000e-02
5.000000e-02
5.000000e-02
5.000000e-02
5.000000e-02
5.000000e-02
5.000000e-02
5.000000e-02
5.000000e-02
5.000000e-02
5.000000e-02
5.000000e-02
5.000000e-02
5.000000e-02
5.000000e-02
5.000000e-02
5.000000e-02
5.000000e-02
5.000000e-02
5.000000e-02
5.000000e-02
5.000000e-02
5.000000e-02
5.000000e-02
5.000000e-02
5.000000e-02
5.000000e-02
5.000000e-02
5.000000e-02
5.000000e-02
5.000000e-02
5.000000e-02
5.000000e-02
5.000000e-02
5.000000e-02
5.000000e-02
5.000000e-02
5.000000e-02
5.000000e-02
5.000000e-02
5.000000e-02
5.000000e-02
5.000000e-02
5.000000e-02
5.000000e-02
5.000000e-02
5.000000e-02
5.000000e-02
5.000000e-02
5.000000e-02
5.000000e-02
5.000000e-02
5.000000e-02
5.000000e-02
5.000000e-02
5.000000e-02
5.000000e-02
5.000000e-02
5.000000e-02
5.000000e-02
5.000000e-02
5.000000e-02
5.000000e-02
5.000000e-02
5.000000e-02
5.000000e-02
5.000000e-02
5.000000e-02
5.000000e-02
5.000000e-02
5.000000e-02
5.000000e-02
5.000000e-02
5.000000e-02
5.000000e-02
5.000000e-02
5.000000e-02
5.000000e-02
5.000000e-02
5.000000e-02
5.000000e-02
5.000000e-02
5.000000e-02
5.000000e-02
5.000000e-02
5.000000e-02
5.000000e-02
