# averaged gas surface density [g/cm^2]
1.997388923177082987e+01
1.797037675781249888e+01
1.550880833333333442e+01
1.401631514322916594e+01
1.356065363281250136e+01
1.356580377604166721e+01
1.372595016927083300e+01
1.389703389322916571e+01
1.402846303385416604e+01
1.410657722656250002e+01
1.414699110677083382e+01
1.415819679687499821e+01
1.415245971354166699e+01
1.413147700520833361e+01
1.409971976562500195e+01
1.405876832031250068e+01
1.400999055989583297e+01
1.395639510416666518e+01
1.389880364583333439e+01
1.383782479166666768e+01
1.377446075520833269e+01
1.370889546875000065e+01
1.364043299479166649e+01
1.356697634114583195e+01
1.348516351562500226e+01
1.339289886718749933e+01
1.329014912760416678e+01
1.317837726562500045e+01
1.306109171875000108e+01
1.294315105468750282e+01
1.282914809895833308e+01
1.272154381510416776e+01
1.262096101562499939e+01
1.252611893229166640e+01
1.243448053385416507e+01
1.234298204427083157e+01
1.224870933593749989e+01
1.214945184895833385e+01
1.204390889322916713e+01
1.193172303385416377e+01
1.181345385416666716e+01
1.169027942708333256e+01
1.156364307291666726e+01
1.143506886718750160e+01
1.130604026041666543e+01
1.117788385807291718e+01
1.105164865625000026e+01
1.092793106119791524e+01
1.080702709895833458e+01
1.068899713411458485e+01
1.057374478255208317e+01
1.046101412369791639e+01
1.035041557291666692e+01
1.024145206119791673e+01
1.013360846744791566e+01
1.002636147265624977e+01
9.919280040364583328e+00
9.812021257812498121e+00
9.704163570312500653e+00
9.595170292968751014e+00
9.484570804687498580e+00
9.372083868489582414e+00
9.257680701822916802e+00
9.141572755208333234e+00
9.024156408854166145e+00
8.905947148437499905e+00
8.787543605468750130e+00
8.669592364583332156e+00
8.552741497395834003e+00
8.437625919270834274e+00
8.324865098958333931e+00
8.215162493489584605e+00
8.109054717447916616e+00
8.006974869791667615e+00
7.909021389322917095e+00
7.814988386718749958e+00
7.724367942708333601e+00
7.636366713541666407e+00
7.550036035156250769e+00
7.464467014322917038e+00
7.378777003906249909e+00
7.292307834635416874e+00
7.204339199218749989e+00
7.114186824218749372e+00
7.021277566406250337e+00
6.924858125000000086e+00
6.824308358072916469e+00
6.719191089843750575e+00
6.609207753906250815e+00
6.494177231770831504e+00
6.374039151041666962e+00
6.248990265624999374e+00
6.119529354166666657e+00
5.986483757812500528e+00
5.850748166666666528e+00
5.713174428385417336e+00
5.574398502604165806e+00
5.434900152343749902e+00
5.295101669270833256e+00
5.155374858072916844e+00
5.016251976562499770e+00
4.878450542968749915e+00
4.742993243489583399e+00
4.610884701822917542e+00
4.483099757812500030e+00
4.360176432291666515e+00
4.242417783854166125e+00
4.130071895833332896e+00
4.023389694010416129e+00
3.922527170572916333e+00
3.827515024739583271e+00
3.738221062500000524e+00
3.654414615885416939e+00
3.575733382812499972e+00
3.501808201822916633e+00
3.432281412760416206e+00
3.366871984374999460e+00
3.305310050781250286e+00
3.247340554687500269e+00
3.192664316406249814e+00
3.140880239583333289e+00
3.091441108072916055e+00
3.043643421875000143e+00
2.996793248697916301e+00
2.950266496093750135e+00
2.903427322916666498e+00
2.856175269531249672e+00
2.808495085937499969e+00
2.760372453124999570e+00
2.711540052083333929e+00
2.661432972656249785e+00
2.609372023437499966e+00
2.555024886718749944e+00
2.498081197916666607e+00
2.438296466145833286e+00
2.375397441406249754e+00
2.309221345052083318e+00
2.239846901041666616e+00
2.167721369791666408e+00
2.093251316406249618e+00
2.016637182291666885e+00
1.937619119791666789e+00
1.855741486979166410e+00
1.770786680989583362e+00
1.682904938802083139e+00
1.592636388020833182e+00
1.500773459635416751e+00
1.408163368489583567e+00
1.315443195312499869e+00
1.223239511718750006e+00
1.132212559765624960e+00
1.042899635416666637e+00
9.559566459635416846e-01
8.720502675781250934e-01
7.919264167968750323e-01
7.162382408854166549e-01
6.456415127604167026e-01
5.806185476562499836e-01
5.215182734375000129e-01
4.684515075520833682e-01
4.213799822916666216e-01
3.802629794270833696e-01
3.447990617187500217e-01
3.146501953125000473e-01
2.893119807291666401e-01
2.682067712239583623e-01
2.506451246093749918e-01
2.361117433593750148e-01
2.241683843749999738e-01
2.144534485677083435e-01
2.065952080729166751e-01
2.002132169270832984e-01
1.949723225260416859e-01
1.906092587239583691e-01
1.869365263020833223e-01
1.838292417968749870e-01
1.812189878906249885e-01
1.790648768229166909e-01
1.773469897135416806e-01
1.760351273437500141e-01
1.750657542968749869e-01
1.743179656250000154e-01
1.736492059895833329e-01
1.729390977864583290e-01
1.721721364583333191e-01
1.714095966145833538e-01
1.707635988281250017e-01
1.702753709635417001e-01
1.699522332031249972e-01
1.698186697916666821e-01
1.698712407552083192e-01
1.701773239583333208e-01
1.707961095052083211e-01
1.717685123697916538e-01
1.730984930989583337e-01
1.748182893229166535e-01
1.770156061197916963e-01
1.798148385416666883e-01
1.833487865885416734e-01
1.877676569010416630e-01
1.932373964843749903e-01
1.999611156249999910e-01
2.081778263020833408e-01
2.182013772135416863e-01
2.303749687499999921e-01
2.450432087239583223e-01
2.625370283854167042e-01
2.831155532552083187e-01
3.069509048177083144e-01
3.341510187500000284e-01
3.647428930989582985e-01
3.987196299479165984e-01
4.360282583333333073e-01
4.765710442708333550e-01
5.201820141927083752e-01
5.667084143229166315e-01
6.159309951822916629e-01
6.675189519531250504e-01
7.212214619791667003e-01
7.767978307291668605e-01
8.338344680989583368e-01
8.920290639322917547e-01
9.510221783854166944e-01
1.010431794270833405e+00
1.069892720312499934e+00
1.129056630598958444e+00
1.187591423177083216e+00
1.245227606770833439e+00
1.301741151041666766e+00
1.356918493489583044e+00
1.410703557291666854e+00
1.463121196614583175e+00
1.514079567708333185e+00
1.563505540364583224e+00
1.611240148437499853e+00
1.657168542968750158e+00
1.701243057291666583e+00
1.743459703125000315e+00
1.783873093750000249e+00
1.822494391927083290e+00
1.859340664062499870e+00
1.894493576822916525e+00
1.928021908854166577e+00
1.959967800781249991e+00
1.990354006510416385e+00
2.019203669270833501e+00
2.046534355468750288e+00
2.072387986979166374e+00
2.096871752604167138e+00
2.120107713541667049e+00
2.142193292968749940e+00
2.163128316406250029e+00
2.182887110677083520e+00
2.201509553385416762e+00
2.219041218749999711e+00
2.235510042968750000e+00
2.250924367187499886e+00
2.265238654947916874e+00
2.278478260416666679e+00
2.290679852864583310e+00
2.301937881510416783e+00
2.312351415364583218e+00
2.322023296875000309e+00
2.331036024739583379e+00
2.339447031249999753e+00
2.347267303385416781e+00
2.354495428385416478e+00
2.361093998697916252e+00
2.367042225260416632e+00
2.372330214843750174e+00
2.376955315104166910e+00
2.380940559895833086e+00
2.384315985677083471e+00
2.387113522135416499e+00
2.389382274739583423e+00
2.391158559895833147e+00
2.392483472656250054e+00
2.393417585937500203e+00
2.394015610677083572e+00
2.394309677083333199e+00
2.394359505208333516e+00
2.394201510416666512e+00
2.393851335937500213e+00
2.393314428385416637e+00
2.392600911458333091e+00
2.391711046874999802e+00
2.390649700520833587e+00
2.389410783854166720e+00
2.387974393229166825e+00
2.386326410156250244e+00
2.384459826822916906e+00
2.382364606770833060e+00
2.380051770833333080e+00
2.377547927083333512e+00
2.374894885416666934e+00
2.372145489583333600e+00
2.369366360677083616e+00
2.366621195312500259e+00
2.363969148437500056e+00
2.361442477864583278e+00
2.359036643229166952e+00
2.356722388020833225e+00
2.354446643229166636e+00
2.352156722656249865e+00
2.349814305989583296e+00
2.347409897135416923e+00
2.344979216145833600e+00
2.342577394531250246e+00
2.340254858072916555e+00
2.338042098958333259e+00
2.335936888020833546e+00
2.333907205729166545e+00
2.331907945312500008e+00
2.329896015625000150e+00
2.327846110677083136e+00
2.325759351562500132e+00
2.323658455729166850e+00
2.321570213541666927e+00
2.319516602864583277e+00
2.317507427083333571e+00
2.315540328124999991e+00
2.313602500000000006e+00
2.311675947916666640e+00
2.309745544270833228e+00
2.307791615885416814e+00
2.305811084635416730e+00
2.303798562499999925e+00
2.301757373697916886e+00
2.299697566406250004e+00
2.297630683593749890e+00
2.295566674479166291e+00
2.293498208333333288e+00
2.291397440104166794e+00
2.289227548177083182e+00
2.286948421875000026e+00
2.284528920572916899e+00
2.281964192708333172e+00
2.279280595052083136e+00
2.276524718750000176e+00
2.273749653645833479e+00
2.271001444010416481e+00
2.268310005208333369e+00
2.265684428385416727e+00
2.263114281249999582e+00
2.260576311197916244e+00
2.258039632812499864e+00
2.255469912760416307e+00
2.252828338541666753e+00
2.250077415364583278e+00
2.247183036458333394e+00
2.244141811197916780e+00
2.240963252604166733e+00
2.237673765625000311e+00
2.234322209635416723e+00
2.230951279947916532e+00
2.227592994791666836e+00
2.224263828124999787e+00
2.220954049479166414e+00
2.217637126302083317e+00
2.214280786458333594e+00
2.210847126302083243e+00
2.207313888020833392e+00
2.203674835937500021e+00
2.199932179687499989e+00
2.196089729166666782e+00
2.192161070312499849e+00
2.188158325520833447e+00
2.184088888020833341e+00
2.179963447916666741e+00
2.175791359374999789e+00
2.171579634114582991e+00
2.167329678385416347e+00
2.163038356770833115e+00
2.158698820312499933e+00
2.154300281249999838e+00
2.149835134114583379e+00
2.145301048177083114e+00
2.140698446614583528e+00
2.136035169270833478e+00
2.131318010416666464e+00
2.126558238281250013e+00
2.121769539062499987e+00
2.116966682291666402e+00
2.112164160156249970e+00
2.107373639322916770e+00
2.102599438802083665e+00
2.097832533854166570e+00
2.093050747395833522e+00
2.088226799479166562e+00
2.083333373697916713e+00
2.078355815104167004e+00
2.073297203125000099e+00
2.068175207031250018e+00
2.063015871093750064e+00
2.057849194010416216e+00
2.052701477864583346e+00
2.047588287760417014e+00
2.042514006510416813e+00
2.037474048177083219e+00
2.032452912760416286e+00
2.027424907552083155e+00
2.022363666666666671e+00
2.017245324218750024e+00
2.012055660156250259e+00
2.006795303385416673e+00
2.001477954427083095e+00
1.996130531250000173e+00
1.990779820312499782e+00
1.985452919270833450e+00
1.980161697916666741e+00
1.974913714843750112e+00
1.969699942708333262e+00
1.964507968749999778e+00
1.959320499999999798e+00
1.954120921875000194e+00
1.948895821614583523e+00
1.943637674479166577e+00
1.938344401041667053e+00
1.933019656249999940e+00
1.927672260416666505e+00
1.922315339843750026e+00
1.916964044270833334e+00
1.911631532552083401e+00
1.906328290364583511e+00
1.901055315104166477e+00
1.895809833333333527e+00
1.890585889322916602e+00
1.885374381510416475e+00
1.880166705729166665e+00
1.874956358072916496e+00
1.869739662760416588e+00
1.864518634114583406e+00
1.859296824218749977e+00
1.854084882812500057e+00
1.848892154947916922e+00
1.843733085937500293e+00
1.838615096354166534e+00
1.833545582031250065e+00
1.828522843750000071e+00
1.823538031249999802e+00
1.818577313802083095e+00
1.813628466145833285e+00
1.808680412760416800e+00
1.803731929687500068e+00
1.798788941406249897e+00
1.793862255208333423e+00
1.788966986979166895e+00
1.784112122395833167e+00
1.779300932291666415e+00
1.774526927083333483e+00
1.769778841145833281e+00
1.765046492187500204e+00
1.760321901041666637e+00
1.755602010416666969e+00
1.750885457031249759e+00
1.746172516927083196e+00
1.741463959635416670e+00
1.736765283854166730e+00
1.732081515625000234e+00
1.727419554687499970e+00
1.722788484374999873e+00
1.718194466145833488e+00
1.713641949218750016e+00
1.709130872395833167e+00
1.704658401041666549e+00
1.700219777343749961e+00
1.695808852864583161e+00
1.691420610677083269e+00
1.687051976562500277e+00
1.682701709635416876e+00
1.678371871093750078e+00
1.674065041666666476e+00
1.669784252604166852e+00
1.665532303385416357e+00
1.661310506510416785e+00
1.657118795572916525e+00
1.652955604166666648e+00
1.648819151041666764e+00
1.644705382812500005e+00
1.640610602864583045e+00
1.636530606770833174e+00
1.632460880208333576e+00
1.628397303385416661e+00
1.624337908854166512e+00
1.620285647135416562e+00
1.616246763020833477e+00
1.612232891927083189e+00
1.608257561197916630e+00
1.604333755208332990e+00
1.600471174479166647e+00
1.596672015624999830e+00
1.592932085937500020e+00
1.589239677083333246e+00
1.585580279947916837e+00
1.581935709635416742e+00
1.578288708333333235e+00
1.574626906250000014e+00
1.570945779947916732e+00
1.567253290364583052e+00
1.563565438802083429e+00
1.559902582031249985e+00
1.556283600260416344e+00
1.552720246093749923e+00
1.549215283854166847e+00
1.545764753906249789e+00
1.542359136718750134e+00
1.538985157552083427e+00
1.535629785156250149e+00
1.532282292968750070e+00
1.528936036458333314e+00
1.525591350260416590e+00
1.522255826822916491e+00
1.518941498697916614e+00
1.515659653645833105e+00
1.512418061197916996e+00
1.509217374999999750e+00
1.506051787760416927e+00
1.502912453125000214e+00
1.499788867187499930e+00
1.496674427083333425e+00
1.493566796874999936e+00
1.490468811197916521e+00
1.487387247395833612e+00
1.484331085937499850e+00
1.481307531249999920e+00
1.478319467447916757e+00
1.475366768229166681e+00
1.472448619791666857e+00
1.469568654947916775e+00
1.466733673177083475e+00
1.463953752604166825e+00
1.461233247395833379e+00
1.458566895833333321e+00
1.455934898437500236e+00
1.453306744791666771e+00
1.450652483072916610e+00
1.447959738281249686e+00
1.445239608072916626e+00
1.442520188802083325e+00
1.439832861979166490e+00
1.437201576822916493e+00
1.434635514322916805e+00
1.432132743489583193e+00
1.429685410156250169e+00
1.427282313802083591e+00
1.424911269531249802e+00
1.422559256510416814e+00
1.420213430989583303e+00
1.417865358072916804e+00
1.415512388020833567e+00
1.413158511718750177e+00
1.410814763020833418e+00
1.408493601562500031e+00
1.406204171875000020e+00
1.403949192708333626e+00
1.401724967447916415e+00
1.399523795572916507e+00
1.397336359374999892e+00
1.395154591145833178e+00
1.392973593749999850e+00
1.390793001302083498e+00
1.388617828124999898e+00
1.386457954427083195e+00
1.384326054687500251e+00
1.382235151041666610e+00
1.380196319010416728e+00
1.378215070312500012e+00
1.376289812500000265e+00
1.374409938802083175e+00
1.372555640625000128e+00
1.370701839843749825e+00
1.368822675781250053e+00
1.366902083333333406e+00
1.364945282552083361e+00
1.362980391927083312e+00
1.361047149739583295e+00
1.359178979166666634e+00
1.357390450520833403e+00
1.355676453125000291e+00
1.354017470052083283e+00
1.352389115885416659e+00
1.350769248697916369e+00
1.349144197916666288e+00
1.347512696614583616e+00
1.345885920572916783e+00
1.344280545572916763e+00
1.342707860677083254e+00
1.341168971354166572e+00
1.339655834635416598e+00
1.338158458333333245e+00
1.336670828125000154e+00
1.335194459635416608e+00
1.333737055989583586e+00
1.332308940104166783e+00
1.330917854166666636e+00
1.329565473958333355e+00
1.328249196614583294e+00
1.326966519531249888e+00
1.325719119791666678e+00
1.324510411458333259e+00
1.323337339843750016e+00
1.322183852864583509e+00
1.321021600260416484e+00
1.319820787760416891e+00
1.318566110677083403e+00
1.317270611979166617e+00
1.315972001302083472e+00
1.314710932291666579e+00
1.313509533854166689e+00
1.312365524739583345e+00
1.311262951822916634e+00
1.310185401041666697e+00
1.309122061197916631e+00
1.308066852864583351e+00
1.307017076822916790e+00
1.305974471354166555e+00
1.304942736979166629e+00
1.303927611979166512e+00
1.302935720052083246e+00
1.301971135416666758e+00
1.301032766927083362e+00
1.300114238281250056e+00
1.299206867187500114e+00
1.298303029947916576e+00
1.297399563802083433e+00
1.296498627604166565e+00
1.295608093750000078e+00
1.294740220052083446e+00
1.293908977864583365e+00
1.293126868489583359e+00
1.292401945312499967e+00
1.291734244791666653e+00
1.291113380208333439e+00
1.290518434895833400e+00
1.289922059895833195e+00
1.289297645833333172e+00
1.288629171875000035e+00
1.287921029947916685e+00
1.287201958333333396e+00
1.286510723958333324e+00
1.285875221354166653e+00
1.285301042968750140e+00
1.284774006510416511e+00
1.284273566406249900e+00
1.283784958333333392e+00
1.283303365885416492e+00
1.282833399739583324e+00
1.282385649739583355e+00
1.281968414062499839e+00
1.281581220052083303e+00
1.281213898437499887e+00
1.280851024739583233e+00
1.280479694010416614e+00
1.280094623697916711e+00
1.279698919270833457e+00
1.279302907552083424e+00
1.278920001302083387e+00
1.278562727864583470e+00
1.278240846354166571e+00
1.277959212239583309e+00
1.277714592447916742e+00
1.277491354166666593e+00
1.277262209635416701e+00
1.276998746093749970e+00
1.276685859374999898e+00
1.276333539062499911e+00
1.275979989583333252e+00
1.275671138020833206e+00
1.275433018229166882e+00
1.275260423177083213e+00
1.275129424479166884e+00
1.275016587239583332e+00
1.274906601562499908e+00
1.274791510416666718e+00
1.274669231770833244e+00
1.274544494791666649e+00
1.274427230468750061e+00
1.274331088541666546e+00
1.274269140624999963e+00
1.274246800781249966e+00
1.274258683593749941e+00
1.274291778645833206e+00
1.274331829427083340e+00
1.274369427083333450e+00
1.274403317708333372e+00
1.274439520833333228e+00
1.274488627604166702e+00
1.274561045572916607e+00
1.274662477864583421e+00
1.274790368489583381e+00
1.274932874999999965e+00
1.275071557291666657e+00
1.275187989583333348e+00
1.275272307291666740e+00
1.275329753906250030e+00
1.275384088541666516e+00
1.275470875000000115e+00
1.275618989583333418e+00
1.275834240885416637e+00
1.276095161458333349e+00
1.276367220052083251e+00
1.276621856770833396e+00
1.276846854166666656e+00
1.277048677083333361e+00
1.277247723958333303e+00
1.277466720052083282e+00
1.277718699218749920e+00
1.278000772135416518e+00
1.278297320312500096e+00
1.278590242187499948e+00
1.278869046875000137e+00
1.279136410156249903e+00
1.279406542968750005e+00
1.279698276041666638e+00
1.280026178385416769e+00
1.280393183593749873e+00
1.280786368489583493e+00
1.281178201822916751e+00
1.281535744791666653e+00
1.281835343750000078e+00
1.282075917968749978e+00
1.282286644531249964e+00
1.282518510416666535e+00
1.282815671875000119e+00
1.283191945312500026e+00
1.283633433593750039e+00
1.284117195312499904e+00
1.284622178385416591e+00
1.285132167968750183e+00
1.285635735677083114e+00
1.286128190104166569e+00
1.286612171875000099e+00
1.287096309895833457e+00
1.287590622395833329e+00
1.288099330729166603e+00
1.288617018229166744e+00
1.289130946614583273e+00
1.289628774739583372e+00
1.290105859375000108e+00
1.290569634114583364e+00
1.291038166666666598e+00
1.291532348958333243e+00
1.292065518229166932e+00
1.292634919270833294e+00
1.293219345052083247e+00
1.293786234374999955e+00
1.294306295572916765e+00
1.294768434895833265e+00
1.295186635416666565e+00
1.295596364583333271e+00
1.296040266927083406e+00
1.296545605468750084e+00
1.297109873697916749e+00
1.297709934895833195e+00
1.298318714843749833e+00
1.298918630208333314e+00
1.299506348958333390e+00
1.300089614583333386e+00
1.300678951822916707e+00
1.301279363281249823e+00
1.301886934895833292e+00
1.302492180989583304e+00
1.303087580729166639e+00
1.303673295572916668e+00
1.304257682291666720e+00
1.304851858072916704e+00
1.305461119791666791e+00
1.306077563802083397e+00
1.306679101562499890e+00
1.307237027343749913e+00
1.307729726562500083e+00
1.308156161458333244e+00
1.308541085937499959e+00
1.308932442708333310e+00
1.309385669270833219e+00
1.309934776041666638e+00
1.310575540364583347e+00
1.311276647135416695e+00
1.312000308593749942e+00
1.312717191406249873e+00
1.313410580729166499e+00
1.314074621093749951e+00
1.314710368489583336e+00
1.315321796874999949e+00
1.315914007812500008e+00
1.316492130208333444e+00
1.317060220052083563e+00
1.317620265625000009e+00
1.318173792968750035e+00
1.318724274739583313e+00
1.319277768229166758e+00
1.319840714843749874e+00
1.320415020833333175e+00
1.320992367187500127e+00
1.321552994791666658e+00
1.322070309895833295e+00
1.322521106770833343e+00
1.322898785156249923e+00
1.323219415364583318e+00
1.323524018229166765e+00
1.323864864583333301e+00
1.324279399739583418e+00
1.324776624999999930e+00
1.325336076822916764e+00
1.325920072916666692e+00
1.326492960937500021e+00
1.327035507812500015e+00
1.327547666666666570e+00
1.328041127604166816e+00
1.328527223958333225e+00
1.329007957031249854e+00
1.329475597656250008e+00
1.329919699218750084e+00
1.330335281250000001e+00
1.330725962239583282e+00
1.331098182291666543e+00
1.331450501302083422e+00
1.331766835937499893e+00
1.332018988281250094e+00
1.332181328125000119e+00
1.332249272135416662e+00
1.332248635416666493e+00
1.332236897135416598e+00
1.332284772135416739e+00
1.332438924479166564e+00
1.332704430989583466e+00
1.333051796875000194e+00
1.333434479166666575e+00
1.333807300781249872e+00
1.334137437500000134e+00
1.334406894531250165e+00
1.334611476562500121e+00
1.334757766927083367e+00
1.334859333333333398e+00
1.334931304687499987e+00
1.334984886718749708e+00
1.335024212239583230e+00
1.335047380208333356e+00
1.335049585937500005e+00
1.335025863281249947e+00
1.334970050781250306e+00
1.334872121093750197e+00
1.334716098958333319e+00
1.334481330729166748e+00
1.334148563802083132e+00
1.333712069010416501e+00
1.333194735677083242e+00
1.332646341145833357e+00
1.332125148437500073e+00
1.331676602864583225e+00
1.331316799479166590e+00
1.331027644531250109e+00
1.330766466145833382e+00
1.330485572916666692e+00
1.330150313802083373e+00
1.329747675781250082e+00
1.329283399739583205e+00
1.328769947916666583e+00
1.328213895833333380e+00
1.327610777343749993e+00
1.326950490885416611e+00
1.326226374999999846e+00
1.325437954427083342e+00
1.324582660156250036e+00
1.323643610677083471e+00
1.322586992187500199e+00
1.321373649739583378e+00
1.319978803385416732e+00
1.318425643229166555e+00
1.316799188802083131e+00
1.315203175781250122e+00
1.313713809895833196e+00
1.312356733072916670e+00
1.311107647135416610e+00
1.309909403645833414e+00
1.308695798177083258e+00
1.307410795572916618e+00
1.306017648437500123e+00
1.304500890625000187e+00
1.302863273437499858e+00
1.301119488281250014e+00
1.299287748697916633e+00
1.297381638020833394e+00
1.295405174479166588e+00
1.293353188802083276e+00
1.291214338541666562e+00
1.288974041666666848e+00
1.286618308593750148e+00
1.284133522135416650e+00
1.281503363281250030e+00
1.278709946614583259e+00
1.275745251302083494e+00
1.272625790364583453e+00
1.269395615885416717e+00
1.266115537760416521e+00
1.262846216145833367e+00
1.259629179687499878e+00
1.256472570312499926e+00
1.253348494791666656e+00
1.250204347656249881e+00
1.246983471354166761e+00
1.243645842447916650e+00
1.240179593749999976e+00
1.236596020833333531e+00
1.232912966145833344e+00
1.229139527343749982e+00
1.225271337239583369e+00
1.221295713541666661e+00
1.217198229166666534e+00
1.212965510416666781e+00
1.208574256510416722e+00
1.203977779947916771e+00
1.199124402343749951e+00
1.193997989583333252e+00
1.188657067708333237e+00
1.183223414062499979e+00
1.177825770833333285e+00
1.172550023437499922e+00
1.167417811197916544e+00
1.162397058593749977e+00
1.157422316406250040e+00
1.152417069010416739e+00
1.147316136718750101e+00
1.142073059895833298e+00
1.136663334635416689e+00
1.131083872395833412e+00
1.125346704427083289e+00
1.119468601562499943e+00
1.113460925781249999e+00
1.107324497395833385e+00
1.101049015624999905e+00
1.094615872395833245e+00
1.088004942708333367e+00
1.081199098958333327e+00
1.074186095052083401e+00
1.066964361979166664e+00
1.059542070312500028e+00
1.051943756510416605e+00
1.044212701822916589e+00
1.036404034505208349e+00
1.028577461588541686e+00
1.020787048958333276e+00
1.013068884765625066e+00
1.005430081119791597e+00
9.978465492187499342e-01
9.902764832031248909e-01
9.826829194010416879e-01
9.750501652343750436e-01
9.673916427083333325e-01
9.597377497395832568e-01
9.521151531249999467e-01
9.445345527343750325e-01
9.369900593750001283e-01
9.294649458333333891e-01
9.219354660156250381e-01
9.143716707031250834e-01
9.067401115885416196e-01
8.990114127604166283e-01
8.912079867187500115e-01
8.834136488281248978e-01
8.757453287760416094e-01
8.683075152343749936e-01
8.611569092447917129e-01
8.542953592447917188e-01
8.476840604166667736e-01
8.412640423177082383e-01
8.349749389322916882e-01
8.287622401041666587e-01
8.225875873697917617e-01
8.164353516927084220e-01
8.103058830729166218e-01
8.042100412760416761e-01
7.981610322916665723e-01
7.921663893229166087e-01
7.862244605468750036e-01
7.803255595052083216e-01
7.744539920572917069e-01
7.686075282552082832e-01
7.627845135416665423e-01
7.569912324218751598e-01
7.512468127604167156e-01
7.455748170572915612e-01
7.399996031249999051e-01
7.345451695312500418e-01
7.292347902343750965e-01
7.240862248697915726e-01
7.191038283854166435e-01
7.142732714843749164e-01
7.095667710937499928e-01
7.049525444010416031e-01
7.004081066406250278e-01
6.959268430989582477e-01
6.915103119791665698e-01
6.871628561197916651e-01
6.828800384114583899e-01
6.786481114583334806e-01
6.744498503906249942e-01
6.702707106770833256e-01
6.660964640625000044e-01
6.619199134114582828e-01
6.577600036458333133e-01
6.536513484375000571e-01
6.496319944010416902e-01
6.457296190104167000e-01
6.419577104166666048e-01
6.383064964843749856e-01
6.347501398437499498e-01
6.312599127604167082e-01
6.278073106770832856e-01
6.243670329427083443e-01
6.209193233072917151e-01
6.174502407552083794e-01
6.139498927083333335e-01
6.104100873697916319e-01
6.068224345052083413e-01
6.031772583333333548e-01
5.994635135416666039e-01
5.956694526041665938e-01
5.917833072916666159e-01
5.877934928385416535e-01
5.836880100260416482e-01
5.794533380208333195e-01
5.750719644531249175e-01
5.705317973958333733e-01
