# relative error [-]
5.000000e-02
5.000000e-02
5.483758e-02
5.952319e-02
5.875459e-02
5.823825e-02
6.137232e-02
6.318218e-02
6.263414e-02
6.240350e-02
6.411520e-02
6.658060e-02
6.763344e-02
6.763629e-02
6.826286e-02
6.990438e-02
7.197924e-02
7.368328e-02
7.442830e-02
7.453915e-02
7.482692e-02
7.565197e-02
7.669465e-02
7.743997e-02
7.763689e-02
7.731310e-02
7.666895e-02
7.602004e-02
7.563832e-02
7.558772e-02
7.572785e-02
7.585430e-02
7.584146e-02
7.569797e-02
7.552501e-02
7.544996e-02
7.555981e-02
7.588773e-02
7.641893e-02
7.714982e-02
7.803231e-02
7.899848e-02
7.998420e-02
8.093552e-02
8.183511e-02
8.268598e-02
8.350573e-02
8.431793e-02
8.515050e-02
8.601879e-02
8.692622e-02
8.785836e-02
8.878740e-02
8.970317e-02
9.059831e-02
9.145757e-02
9.227272e-02
9.303233e-02
9.372822e-02
9.435917e-02
9.491815e-02
9.540500e-02
9.582151e-02
9.617553e-02
9.647520e-02
9.672685e-02
9.693360e-02
9.709295e-02
9.720264e-02
9.725564e-02
9.725028e-02
9.717997e-02
9.703758e-02
9.681560e-02
9.651047e-02
9.612265e-02
9.565199e-02
9.510415e-02
9.448003e-02
9.378556e-02
9.302532e-02
9.221587e-02
9.135474e-02
9.045514e-02
8.952434e-02
8.857238e-02
8.760574e-02
8.663306e-02
8.566357e-02
8.470547e-02
8.376481e-02
8.284726e-02
8.195762e-02
8.111242e-02
8.029706e-02
7.954162e-02
7.881945e-02
7.815109e-02
7.753602e-02
7.697726e-02
7.648016e-02
7.602941e-02
7.564245e-02
7.531770e-02
7.504729e-02
7.483423e-02
7.468779e-02
7.460551e-02
7.458936e-02
7.464069e-02
7.475939e-02
7.494745e-02
7.523054e-02
7.558130e-02
7.600031e-02
7.649162e-02
7.708714e-02
7.774210e-02
7.847065e-02
7.929273e-02
8.020720e-02
8.121529e-02
8.233963e-02
8.358127e-02
8.484033e-02
8.627135e-02
8.782897e-02
8.943983e-02
9.118647e-02
9.297507e-02
9.494804e-02
9.698248e-02
9.902703e-02
1.011461e-01
1.033500e-01
1.056151e-01
1.088034e-01
1.114712e-01
1.139368e-01
1.162613e-01
1.186943e-01
1.205808e-01
1.211464e-01
1.062084e-01
8.769735e-02
7.249672e-02
6.492402e-02
5.320718e-02
5.000000e-02
5.000000e-02
5.000000e-02
5.000000e-02
5.000000e-02
5.000000e-02
5.000000e-02
5.000000e-02
5.000000e-02
5.000000e-02
5.000000e-02
5.000000e-02
5.000000e-02
5.000000e-02
5.000000e-02
5.000000e-02
5.000000e-02
5.000000e-02
5.000000e-02
5.000000e-02
5.000000e-02
5.000000e-02
5.000000e-02
5.000000e-02
5.000000e-02
5.000000e-02
5.000000e-02
5.000000e-02
5.000000e-02
5.000000e-02
5.000000e-02
5.000000e-02
5.000000e-02
5.000000e-02
5.000000e-02
5.000000e-02
5.000000e-02
5.000000e-02
5.000000e-02
5.000000e-02
5.000000e-02
5.000000e-02
5.000000e-02
5.000000e-02
5.000000e-02
5.000000e-02
5.000000e-02
5.000000e-02
5.000000e-02
5.000000e-02
5.000000e-02
5.000000e-02
5.000000e-02
5.000000e-02
5.000000e-02
5.000000e-02
5.000000e-02
5.000000e-02
5.000000e-02
5.298838e-02
5.760989e-02
6.703621e-02
7.230084e-02
8.347348e-02
8.939082e-02
1.023480e-01
1.165261e-01
1.321463e-01
1.390153e-01
1.413982e-01
1.388890e-01
1.363168e-01
1.335931e-01
1.310188e-01
1.282547e-01
1.250210e-01
1.227438e-01
1.204223e-01
1.181665e-01
1.159775e-01
1.137909e-01
1.117738e-01
1.097502e-01
1.078904e-01
1.059960e-01
1.042352e-01
1.026120e-01
1.009416e-01
9.940006e-02
9.799593e-02
9.652483e-02
9.514779e-02
9.387168e-02
9.266683e-02
9.151726e-02
9.045053e-02
8.939476e-02
8.838179e-02
8.742107e-02
8.651000e-02
8.564237e-02
8.482844e-02
8.406770e-02
8.333291e-02
8.262637e-02
8.195359e-02
8.133760e-02
8.070469e-02
8.013489e-02
7.960300e-02
7.910087e-02
7.857261e-02
7.812751e-02
7.769689e-02
7.724339e-02
7.688546e-02
7.646336e-02
7.613379e-02
7.576205e-02
7.546067e-02
7.511882e-02
7.485272e-02
7.453481e-02
7.428837e-02
7.402470e-02
7.376235e-02
7.354850e-02
7.331724e-02
7.308350e-02
7.289516e-02
7.270280e-02
7.250511e-02
7.231508e-02
7.214161e-02
7.197943e-02
7.182080e-02
7.166334e-02
7.151154e-02
7.136464e-02
7.121975e-02
7.108121e-02
7.094741e-02
7.081737e-02
7.068905e-02
7.056305e-02
7.044018e-02
7.032035e-02
7.020131e-02
7.008896e-02
6.997747e-02
6.986943e-02
6.975463e-02
6.964353e-02
6.954008e-02
6.944090e-02
6.933169e-02
6.922897e-02
6.913476e-02
6.903333e-02
6.893672e-02
6.884947e-02
6.875422e-02
6.867228e-02
6.858489e-02
6.850938e-02
6.843285e-02
6.836739e-02
6.830036e-02
6.824737e-02
6.819232e-02
6.815123e-02
6.811387e-02
6.808238e-02
6.806119e-02
6.804292e-02
6.802939e-02
6.802294e-02
6.801786e-02
6.800919e-02
6.800184e-02
6.799101e-02
6.797217e-02
6.794435e-02
6.790308e-02
6.784863e-02
6.778132e-02
6.769840e-02
6.759991e-02
6.748666e-02
6.735976e-02
6.722089e-02
6.707203e-02
6.691536e-02
6.675307e-02
6.658733e-02
6.642011e-02
6.625317e-02
6.608792e-02
6.592575e-02
6.576741e-02
6.561346e-02
6.546299e-02
6.531780e-02
6.517832e-02
6.504408e-02
6.491538e-02
6.479030e-02
6.466795e-02
6.455114e-02
6.443931e-02
6.433066e-02
6.422334e-02
6.412113e-02
6.402402e-02
6.392607e-02
6.383290e-02
6.374491e-02
6.365531e-02
6.357110e-02
6.348935e-02
6.340752e-02
6.333088e-02
6.325156e-02
6.317674e-02
6.310022e-02
6.302535e-02
6.294886e-02
6.287235e-02
6.279306e-02
6.271307e-02
6.262818e-02
6.254253e-02
6.245013e-02
6.235639e-02
6.225698e-02
6.215358e-02
6.204768e-02
6.193636e-02
6.182434e-02
6.171162e-02
6.159773e-02
6.148728e-02
6.138172e-02
6.128247e-02
6.119118e-02
6.111254e-02
6.104753e-02
6.099821e-02
6.096575e-02
6.095273e-02
6.096072e-02
6.099028e-02
6.104209e-02
6.111633e-02
6.121269e-02
6.133049e-02
6.146814e-02
6.162374e-02
6.179446e-02
6.197646e-02
6.216518e-02
6.235530e-02
6.254098e-02
6.271603e-02
6.287470e-02
6.301204e-02
6.312405e-02
6.320835e-02
6.326416e-02
6.329236e-02
6.329528e-02
6.327642e-02
6.323870e-02
6.318727e-02
6.312580e-02
6.305752e-02
6.298469e-02
6.290899e-02
6.283296e-02
6.275732e-02
6.268109e-02
6.260568e-02
6.253132e-02
6.245630e-02
6.238158e-02
6.230741e-02
6.223154e-02
6.215636e-02
6.208024e-02
6.200336e-02
6.192616e-02
6.184691e-02
6.176708e-02
6.168372e-02
6.159829e-02
6.150721e-02
6.141130e-02
6.130668e-02
6.119332e-02
6.106771e-02
6.092878e-02
6.077477e-02
6.060370e-02
6.041669e-02
6.021301e-02
5.999532e-02
5.976667e-02
5.953026e-02
5.929204e-02
5.905704e-02
5.883030e-02
5.861748e-02
5.842337e-02
5.825174e-02
5.810550e-02
5.798790e-02
5.790060e-02
5.784487e-02
5.782156e-02
5.783096e-02
5.787365e-02
5.794904e-02
5.805621e-02
5.819355e-02
5.835860e-02
5.854780e-02
5.875641e-02
5.897820e-02
5.920597e-02
5.943136e-02
5.964554e-02
5.983998e-02
6.000723e-02
6.014179e-02
6.024071e-02
6.030375e-02
6.033325e-02
6.033350e-02
6.030981e-02
6.026787e-02
6.021287e-02
6.014908e-02
6.008004e-02
6.000803e-02
5.993448e-02
5.986004e-02
5.978499e-02
5.970934e-02
5.963291e-02
5.955556e-02
5.947713e-02
5.939737e-02
5.931635e-02
5.923360e-02
5.914848e-02
5.905985e-02
5.896607e-02
5.886481e-02
5.875274e-02
5.862646e-02
5.848160e-02
5.831370e-02
5.811879e-02
5.789394e-02
5.763788e-02
5.735218e-02
5.704063e-02
5.670956e-02
5.636702e-02
5.602201e-02
5.568386e-02
5.536088e-02
5.506025e-02
5.478756e-02
5.454786e-02
5.434447e-02
5.417994e-02
5.405613e-02
5.397502e-02
5.393775e-02
5.394487e-02
5.399742e-02
5.409518e-02
5.423680e-02
5.442082e-02
5.464359e-02
5.490004e-02
5.518372e-02
5.548561e-02
5.579616e-02
5.610364e-02
5.639697e-02
5.666505e-02
5.689939e-02
5.709391e-02
5.724626e-02
5.735754e-02
5.743123e-02
5.747312e-02
5.748882e-02
5.748416e-02
5.746365e-02
5.743039e-02
5.738679e-02
5.733347e-02
5.727111e-02
5.719961e-02
5.711849e-02
5.702790e-02
5.692739e-02
5.681628e-02
5.669405e-02
5.655902e-02
5.640859e-02
5.623940e-02
5.604675e-02
5.582519e-02
5.556909e-02
5.527404e-02
5.493738e-02
5.455954e-02
5.414462e-02
5.370022e-02
5.323674e-02
5.276580e-02
5.229912e-02
5.184743e-02
5.141973e-02
5.102323e-02
5.066358e-02
5.034497e-02
5.007062e-02
5.000000e-02
5.000000e-02
5.000000e-02
5.000000e-02
5.000000e-02
5.000000e-02
5.000000e-02
5.000000e-02
5.000000e-02
5.016807e-02
5.045191e-02
5.076631e-02
5.110003e-02
5.143994e-02
5.177189e-02
5.208183e-02
5.235729e-02
5.258920e-02
5.277273e-02
5.290777e-02
5.299824e-02
5.305068e-02
5.307270e-02
5.307138e-02
5.305239e-02
5.301970e-02
5.297551e-02
5.292086e-02
5.285584e-02
5.278039e-02
5.269408e-02
5.259644e-02
5.248666e-02
5.236313e-02
5.222318e-02
5.206250e-02
5.187507e-02
5.165367e-02
5.139036e-02
5.107820e-02
5.071301e-02
5.029492e-02
5.000000e-02
5.000000e-02
5.000000e-02
5.000000e-02
5.000000e-02
5.000000e-02
5.000000e-02
5.000000e-02
5.000000e-02
5.000000e-02
5.000000e-02
5.000000e-02
5.000000e-02
5.000000e-02
5.000000e-02
5.000000e-02
5.000000e-02
5.000000e-02
5.000000e-02
5.000000e-02
5.000000e-02
5.000000e-02
5.000000e-02
5.000000e-02
5.000000e-02
5.000000e-02
5.000000e-02
5.000000e-02
5.000000e-02
5.000000e-02
5.000000e-02
5.000000e-02
5.000000e-02
5.000000e-02
5.000958e-02
5.003302e-02
5.003345e-02
5.001239e-02
5.000000e-02
5.000000e-02
5.000000e-02
5.000000e-02
5.000000e-02
5.000000e-02
5.000000e-02
5.000000e-02
5.000000e-02
5.000000e-02
5.000000e-02
5.000000e-02
5.000000e-02
5.000000e-02
5.000000e-02
5.000000e-02
5.000000e-02
5.000000e-02
5.000000e-02
5.000000e-02
5.000000e-02
5.000000e-02
5.000000e-02
5.000000e-02
5.000000e-02
5.000000e-02
5.000000e-02
5.000000e-02
5.000000e-02
5.000000e-02
5.000000e-02
5.000000e-02
5.000000e-02
5.000000e-02
5.000000e-02
5.000000e-02
5.000000e-02
5.000000e-02
5.000000e-02
5.000000e-02
5.000000e-02
5.000000e-02
5.000000e-02
5.000000e-02
5.000000e-02
5.000000e-02
5.000000e-02
5.000000e-02
5.000000e-02
5.000000e-02
5.000000e-02
5.000000e-02
5.000000e-02
5.000000e-02
5.000000e-02
5.000000e-02
5.000000e-02
5.000000e-02
5.000000e-02
5.000000e-02
5.000000e-02
5.000000e-02
5.000000e-02
5.000000e-02
5.000000e-02
5.000000e-02
5.000000e-02
5.000000e-02
5.000000e-02
5.000000e-02
5.000000e-02
5.000000e-02
5.000000e-02
5.000000e-02
5.000000e-02
5.000000e-02
5.000000e-02
5.000000e-02
5.000000e-02
5.000000e-02
5.000000e-02
5.000000e-02
5.000000e-02
5.000000e-02
5.000000e-02
5.000000e-02
5.000000e-02
5.000000e-02
5.000000e-02
5.000000e-02
5.000000e-02
5.000000e-02
5.000000e-02
5.000000e-02
5.000000e-02
5.000000e-02
5.000000e-02
5.000000e-02
5.000000e-02
5.000000e-02
5.000000e-02
5.000000e-02
5.000000e-02
5.000000e-02
5.000000e-02
5.000000e-02
5.000000e-02
5.000000e-02
5.000000e-02
5.000000e-02
5.000000e-02
5.000000e-02
5.000000e-02
5.000000e-02
5.000000e-02
5.000000e-02
5.000000e-02
5.000000e-02
5.000000e-02
5.000000e-02
5.000000e-02
5.000000e-02
5.000000e-02
5.000000e-02
5.000000e-02
5.000000e-02
5.000000e-02
5.000000e-02
5.000000e-02
5.000000e-02
5.000000e-02
5.000000e-02
5.000000e-02
5.000000e-02
5.000000e-02
5.000000e-02
5.000000e-02
5.000000e-02
5.000000e-02
5.000000e-02
5.000000e-02
5.000000e-02
5.000000e-02
5.000000e-02
5.000000e-02
5.000000e-02
5.000000e-02
5.000000e-02
5.000000e-02
5.000000e-02
5.000000e-02
5.000000e-02
5.000000e-02
5.000000e-02
5.000000e-02
5.000000e-02
5.000000e-02
5.000000e-02
5.000000e-02
5.000000e-02
5.000000e-02
5.000000e-02
5.000000e-02
5.000000e-02
5.000000e-02
5.000000e-02
5.000000e-02
5.000000e-02
5.000000e-02
5.000000e-02
5.000000e-02
5.000000e-02
5.000000e-02
5.000000e-02
5.000000e-02
5.000000e-02
5.000000e-02
5.000000e-02
5.000000e-02
5.000000e-02
5.000000e-02
5.000000e-02
5.000000e-02
5.000000e-02
5.000000e-02
5.000000e-02
5.000000e-02
5.000000e-02
5.000000e-02
5.000000e-02
5.000000e-02
5.000000e-02
5.000000e-02
5.000000e-02
5.000000e-02
5.000000e-02
5.000000e-02
5.000000e-02
5.000000e-02
5.000000e-02
5.000000e-02
5.000000e-02
5.000000e-02
5.000000e-02
5.000000e-02
5.000000e-02
5.000000e-02
5.000000e-02
5.000000e-02
5.000000e-02
5.000000e-02
5.000000e-02
5.000000e-02
5.000000e-02
5.000000e-02
5.000000e-02
5.000000e-02
5.000000e-02
5.000000e-02
5.000000e-02
5.000000e-02
5.000000e-02
5.000000e-02
5.000000e-02
5.000000e-02
5.000000e-02
5.000000e-02
5.000000e-02
5.000000e-02
5.000000e-02
5.000000e-02
5.000000e-02
5.000000e-02
5.000000e-02
5.000000e-02
5.000000e-02
5.000000e-02
5.000000e-02
5.000000e-02
5.000000e-02
5.000000e-02
5.000000e-02
5.000000e-02
5.000000e-02
5.000000e-02
5.000000e-02
5.000000e-02
5.000000e-02
5.000000e-02
5.000000e-02
5.000000e-02
5.000000e-02
5.000000e-02
5.000000e-02
5.000000e-02
5.000000e-02
5.000000e-02
5.000000e-02
5.000000e-02
5.000000e-02
5.000000e-02
5.000000e-02
5.000000e-02
5.000000e-02
5.000000e-02
5.000000e-02
5.000000e-02
5.000000e-02
5.000000e-02
5.000000e-02
5.000000e-02
5.000000e-02
5.000000e-02
5.000000e-02
5.000000e-02
5.000000e-02
5.000000e-02
5.000000e-02
5.000000e-02
5.000000e-02
5.000000e-02
5.000000e-02
5.000000e-02
5.000000e-02
5.000000e-02
5.000000e-02
5.000000e-02
5.000000e-02
5.000000e-02
5.000000e-02
5.000000e-02
5.000000e-02
5.000000e-02
5.000000e-02
5.000000e-02
5.000000e-02
5.000000e-02
5.000000e-02
5.000000e-02
5.000000e-02
5.000000e-02
5.000000e-02
5.000000e-02
5.000000e-02
5.000000e-02
5.000000e-02
5.000000e-02
5.000000e-02
5.000000e-02
5.000000e-02
5.000000e-02
5.000000e-02
5.000000e-02
5.000000e-02
5.000000e-02
5.000000e-02
5.000000e-02
5.000000e-02
5.000000e-02
5.000000e-02
5.000000e-02
5.000000e-02
5.000000e-02
5.000000e-02
5.000000e-02
5.000000e-02
5.000000e-02
5.000000e-02
5.000000e-02
5.000000e-02
5.000000e-02
5.000000e-02
5.000000e-02
5.000000e-02
5.000000e-02
5.000000e-02
5.000000e-02
5.000000e-02
5.000000e-02
5.000000e-02
5.000000e-02
5.000000e-02
5.000000e-02
5.000000e-02
5.000000e-02
5.000000e-02
5.000000e-02
5.000000e-02
5.000000e-02
5.000000e-02
5.000000e-02
5.000000e-02
5.000000e-02
5.000000e-02
5.000000e-02
5.000000e-02
5.000000e-02
5.000000e-02
5.000000e-02
5.000000e-02
5.000000e-02
5.000000e-02
5.000000e-02
5.000000e-02
