# relative error [-]
5.000000e-02
5.000000e-02
5.420695e-02
5.918606e-02
5.850522e-02
5.805371e-02
6.114423e-02
6.343863e-02
6.331774e-02
6.329764e-02
6.519443e-02
6.783705e-02
6.921073e-02
6.941867e-02
6.993984e-02
7.144525e-02
7.342362e-02
7.502540e-02
7.578575e-02
7.600499e-02
7.637518e-02
7.725864e-02
7.844607e-02
7.949203e-02
8.010893e-02
8.028426e-02
8.020925e-02
8.014273e-02
8.028302e-02
8.067799e-02
8.122828e-02
8.177687e-02
8.220473e-02
8.248445e-02
8.267249e-02
8.287231e-02
8.317582e-02
8.363790e-02
8.427149e-02
8.506072e-02
8.596879e-02
8.695287e-02
8.796514e-02
8.897004e-02
8.994821e-02
9.089532e-02
9.182762e-02
9.276320e-02
9.372463e-02
9.472865e-02
9.577959e-02
9.687252e-02
9.799293e-02
9.912852e-02
1.002642e-01
1.013948e-01
1.025114e-01
1.036064e-01
1.046796e-01
1.057162e-01
1.067136e-01
1.076671e-01
1.085789e-01
1.094523e-01
1.102914e-01
1.111040e-01
1.118939e-01
1.126598e-01
1.134084e-01
1.141335e-01
1.148337e-01
1.155066e-01
1.161455e-01
1.167462e-01
1.173042e-01
1.178152e-01
1.182744e-01
1.186777e-01
1.190261e-01
1.193080e-01
1.195319e-01
1.196853e-01
1.197726e-01
1.197915e-01
1.197407e-01
1.196213e-01
1.194347e-01
1.191812e-01
1.188627e-01
1.184794e-01
1.180327e-01
1.175380e-01
1.169887e-01
1.163998e-01
1.157664e-01
1.151043e-01
1.144196e-01
1.137179e-01
1.130057e-01
1.122942e-01
1.115868e-01
1.109009e-01
1.102131e-01
1.095660e-01
1.089473e-01
1.083637e-01
1.078176e-01
1.073057e-01
1.068386e-01
1.064592e-01
1.060969e-01
1.058003e-01
1.055398e-01
1.053777e-01
1.052371e-01
1.051433e-01
1.051146e-01
1.051404e-01
1.052216e-01
1.053560e-01
1.055417e-01
1.057554e-01
1.060335e-01
1.064138e-01
1.067271e-01
1.072367e-01
1.075930e-01
1.082179e-01
1.087967e-01
1.092999e-01
1.098896e-01
1.106540e-01
1.113435e-01
1.120501e-01
1.127370e-01
1.133839e-01
1.141107e-01
1.148132e-01
1.153743e-01
1.155339e-01
1.161031e-01
1.163377e-01
1.166341e-01
1.165033e-01
1.028620e-01
8.468458e-02
7.631789e-02
6.405197e-02
5.474440e-02
5.085438e-02
5.000000e-02
5.000000e-02
5.000000e-02
5.000000e-02
5.000000e-02
5.000000e-02
5.000000e-02
5.000000e-02
5.000000e-02
5.000000e-02
5.000000e-02
5.000000e-02
5.000000e-02
5.000000e-02
5.000000e-02
5.000000e-02
5.000000e-02
5.000000e-02
5.000000e-02
5.000000e-02
5.000000e-02
5.000000e-02
5.000000e-02
5.000000e-02
5.000000e-02
5.000000e-02
5.000000e-02
5.000000e-02
5.000000e-02
5.000000e-02
5.000000e-02
5.000000e-02
5.000000e-02
5.000000e-02
5.000000e-02
5.000000e-02
5.000000e-02
5.000000e-02
5.000000e-02
5.000000e-02
5.000000e-02
5.000000e-02
5.000000e-02
5.000000e-02
5.000000e-02
5.000000e-02
5.000000e-02
5.000000e-02
5.000000e-02
5.000000e-02
5.000000e-02
5.000000e-02
5.043394e-02
5.250564e-02
5.376770e-02
5.744600e-02
5.970394e-02
6.570057e-02
6.928069e-02
7.815504e-02
8.327753e-02
9.533677e-02
1.020972e-01
1.176276e-01
1.336325e-01
1.368481e-01
1.358825e-01
1.352567e-01
1.346063e-01
1.338767e-01
1.332167e-01
1.324139e-01
1.316867e-01
1.311765e-01
1.301460e-01
1.291007e-01
1.280029e-01
1.270573e-01
1.260085e-01
1.251148e-01
1.241197e-01
1.232641e-01
1.223484e-01
1.214988e-01
1.206838e-01
1.198294e-01
1.190896e-01
1.183301e-01
1.175796e-01
1.168557e-01
1.161983e-01
1.155206e-01
1.148651e-01
1.142382e-01
1.136271e-01
1.130443e-01
1.124828e-01
1.119356e-01
1.114037e-01
1.108820e-01
1.103758e-01
1.098888e-01
1.094185e-01
1.089659e-01
1.085227e-01
1.080928e-01
1.076788e-01
1.072769e-01
1.068703e-01
1.065028e-01
1.061415e-01
1.057795e-01
1.054307e-01
1.051035e-01
1.047732e-01
1.044571e-01
1.041577e-01
1.038459e-01
1.035696e-01
1.032771e-01
1.030154e-01
1.027391e-01
1.024909e-01
1.022307e-01
1.019963e-01
1.017528e-01
1.015139e-01
1.012978e-01
1.010741e-01
1.008547e-01
1.006554e-01
1.004456e-01
1.002433e-01
1.000478e-01
9.986221e-02
9.967639e-02
9.949015e-02
9.931022e-02
9.913565e-02
9.896449e-02
9.879662e-02
9.863167e-02
9.846904e-02
9.830883e-02
9.815102e-02
9.799544e-02
9.784226e-02
9.769125e-02
9.754188e-02
9.739445e-02
9.724927e-02
9.710264e-02
9.695895e-02
9.681703e-02
9.667584e-02
9.653431e-02
9.639330e-02
9.625382e-02
9.611415e-02
9.597382e-02
9.583461e-02
9.569496e-02
9.555448e-02
9.541395e-02
9.527359e-02
9.513190e-02
9.499043e-02
9.484714e-02
9.470437e-02
9.455913e-02
9.441447e-02
9.426843e-02
9.412018e-02
9.397267e-02
9.382197e-02
9.367121e-02
9.352009e-02
9.336605e-02
9.321062e-02
9.305513e-02
9.289831e-02
9.273882e-02
9.257757e-02
9.241596e-02
9.225309e-02
9.208841e-02
9.192202e-02
9.175374e-02
9.158375e-02
9.141239e-02
9.123962e-02
9.106524e-02
9.088921e-02
9.071153e-02
9.053220e-02
9.035123e-02
9.016870e-02
8.998456e-02
8.979880e-02
8.961109e-02
8.942183e-02
8.923134e-02
8.903958e-02
8.884624e-02
8.865171e-02
8.845524e-02
8.825791e-02
8.805978e-02
8.786067e-02
8.766005e-02
8.745932e-02
8.725803e-02
8.705595e-02
8.685404e-02
8.665206e-02
8.645022e-02
8.624902e-02
8.604843e-02
8.584894e-02
8.565048e-02
8.545395e-02
8.525882e-02
8.506623e-02
8.487549e-02
8.468783e-02
8.450270e-02
8.432061e-02
8.414199e-02
8.396616e-02
8.379439e-02
8.362581e-02
8.346071e-02
8.329951e-02
8.314149e-02
8.298689e-02
8.283598e-02
8.268812e-02
8.254306e-02
8.240121e-02
8.226215e-02
8.212543e-02
8.199090e-02
8.185854e-02
8.172807e-02
8.159921e-02
8.147164e-02
8.134501e-02
8.121928e-02
8.109416e-02
8.096936e-02
8.084460e-02
8.071966e-02
8.059427e-02
8.046820e-02
8.034119e-02
8.021302e-02
8.008346e-02
7.995229e-02
7.981927e-02
7.968420e-02
7.954687e-02
7.940707e-02
7.926458e-02
7.911929e-02
7.897091e-02
7.881926e-02
7.866414e-02
7.850538e-02
7.834296e-02
7.817653e-02
7.800594e-02
7.783099e-02
7.765173e-02
7.746790e-02
7.727932e-02
7.708602e-02
7.688784e-02
7.668478e-02
7.647677e-02
7.626379e-02
7.604606e-02
7.582338e-02
7.559617e-02
7.536428e-02
7.512823e-02
7.488798e-02
7.464409e-02
7.439659e-02
7.414615e-02
7.389291e-02
7.363749e-02
7.338022e-02
7.312162e-02
7.286225e-02
7.260254e-02
7.234302e-02
7.208423e-02
7.182666e-02
7.157082e-02
7.131715e-02
7.106616e-02
7.081825e-02
7.057378e-02
7.033309e-02
7.009654e-02
6.986433e-02
6.963667e-02
6.941367e-02
6.919541e-02
6.898194e-02
6.877323e-02
6.856917e-02
6.836962e-02
6.817436e-02
6.798317e-02
6.779577e-02
6.761180e-02
6.743093e-02
6.725279e-02
6.707697e-02
6.690303e-02
6.673055e-02
6.655910e-02
6.638824e-02
6.621753e-02
6.604655e-02
6.587488e-02
6.570211e-02
6.552782e-02
6.535166e-02
6.517325e-02
6.499225e-02
6.480830e-02
6.462112e-02
6.443039e-02
6.423583e-02
6.403721e-02
6.383429e-02
6.362687e-02
6.341474e-02
6.319783e-02
6.297597e-02
6.274913e-02
6.251728e-02
6.228048e-02
6.203879e-02
6.179236e-02
6.154140e-02
6.128620e-02
6.102708e-02
6.076444e-02
6.049879e-02
6.023063e-02
5.996059e-02
5.968932e-02
5.941754e-02
5.914601e-02
5.887553e-02
5.860696e-02
5.834110e-02
5.807880e-02
5.782098e-02
5.756838e-02
5.732181e-02
5.708205e-02
5.684975e-02
5.662552e-02
5.640990e-02
5.620330e-02
5.600608e-02
5.581844e-02
5.564045e-02
5.547218e-02
5.531342e-02
5.516398e-02
5.502346e-02
5.489144e-02
5.476732e-02
5.465048e-02
5.454015e-02
5.443556e-02
5.433580e-02
5.423997e-02
5.414712e-02
5.405625e-02
5.396636e-02
5.387643e-02
5.378544e-02
5.369240e-02
5.359633e-02
5.349626e-02
5.339126e-02
5.328047e-02
5.316304e-02
5.303821e-02
5.290527e-02
5.276359e-02
5.261260e-02
5.245187e-02
5.228100e-02
5.209974e-02
5.190795e-02
5.170560e-02
5.149279e-02
5.126976e-02
5.103687e-02
5.079463e-02
5.054369e-02
5.028484e-02
5.001898e-02
5.000000e-02
5.000000e-02
5.000000e-02
5.000000e-02
5.000000e-02
5.000000e-02
5.000000e-02
5.000000e-02
5.000000e-02
5.000000e-02
5.000000e-02
5.000000e-02
5.000000e-02
5.000000e-02
5.000000e-02
5.000000e-02
5.000000e-02
5.000000e-02
5.000000e-02
5.000000e-02
5.000000e-02
5.000000e-02
5.000000e-02
5.000000e-02
5.000000e-02
5.000000e-02
5.000000e-02
5.000000e-02
5.000000e-02
5.000000e-02
5.000000e-02
5.000000e-02
5.000000e-02
5.000000e-02
5.000000e-02
5.000000e-02
5.000000e-02
5.000000e-02
5.000000e-02
5.000000e-02
5.000000e-02
5.000000e-02
5.000000e-02
5.000000e-02
5.000000e-02
5.000000e-02
5.000000e-02
5.000000e-02
5.000000e-02
5.000000e-02
5.000000e-02
5.000000e-02
5.000000e-02
5.000000e-02
5.000000e-02
5.000000e-02
5.000000e-02
5.000000e-02
5.000000e-02
5.000000e-02
5.000000e-02
5.000000e-02
5.000000e-02
5.000000e-02
5.000000e-02
5.000000e-02
5.000000e-02
5.000000e-02
5.000000e-02
5.000000e-02
5.000000e-02
5.000000e-02
5.000000e-02
5.000000e-02
5.000000e-02
5.000000e-02
5.000000e-02
5.000000e-02
5.000000e-02
5.000000e-02
5.000000e-02
5.000000e-02
5.000000e-02
5.000000e-02
5.000000e-02
5.000000e-02
5.000000e-02
5.000000e-02
5.000000e-02
5.000000e-02
5.000000e-02
5.000000e-02
5.000000e-02
5.000000e-02
5.000000e-02
5.000000e-02
5.000000e-02
5.000000e-02
5.000000e-02
5.000000e-02
5.000000e-02
5.000000e-02
5.000000e-02
5.000000e-02
5.000000e-02
5.000000e-02
5.000000e-02
5.000000e-02
5.000000e-02
5.000000e-02
5.000000e-02
5.000000e-02
5.000000e-02
5.000000e-02
5.000000e-02
5.000000e-02
5.000000e-02
5.000000e-02
5.000000e-02
5.000000e-02
5.000000e-02
5.000000e-02
5.000000e-02
5.000000e-02
5.000000e-02
5.000000e-02
5.000000e-02
5.000000e-02
5.000000e-02
5.000000e-02
5.000000e-02
5.000000e-02
5.000000e-02
5.000000e-02
5.000000e-02
5.000000e-02
5.000000e-02
5.000000e-02
5.000000e-02
5.000000e-02
5.000000e-02
5.000000e-02
5.000000e-02
5.000000e-02
5.000000e-02
5.000000e-02
5.000000e-02
5.000000e-02
5.000000e-02
5.000000e-02
5.000000e-02
5.000000e-02
5.000000e-02
5.000000e-02
5.000000e-02
5.000000e-02
5.000000e-02
5.000000e-02
5.000000e-02
5.000000e-02
5.000000e-02
5.000000e-02
5.000000e-02
5.000000e-02
5.000000e-02
5.000000e-02
5.000000e-02
5.000000e-02
5.000000e-02
5.000000e-02
5.000000e-02
5.000000e-02
5.000000e-02
5.000000e-02
5.000000e-02
5.000000e-02
5.000000e-02
5.000000e-02
5.000000e-02
5.000000e-02
5.000000e-02
5.000000e-02
5.000000e-02
5.000000e-02
5.000000e-02
5.000000e-02
5.000000e-02
5.000000e-02
5.000000e-02
5.000000e-02
5.000000e-02
5.000000e-02
5.000000e-02
5.000000e-02
5.000000e-02
5.000000e-02
5.000000e-02
5.000000e-02
5.000000e-02
5.000000e-02
5.000000e-02
5.000000e-02
5.000000e-02
5.000000e-02
5.000000e-02
5.000000e-02
5.000000e-02
5.000000e-02
5.000000e-02
5.000000e-02
5.000000e-02
5.000000e-02
5.000000e-02
5.000000e-02
5.000000e-02
5.000000e-02
5.000000e-02
5.000000e-02
5.000000e-02
5.000000e-02
5.000000e-02
5.000000e-02
5.000000e-02
5.000000e-02
5.000000e-02
5.000000e-02
5.000000e-02
5.000000e-02
5.000000e-02
5.000000e-02
5.000000e-02
5.000000e-02
5.000000e-02
5.000000e-02
5.000000e-02
5.000000e-02
5.000000e-02
5.000000e-02
5.000000e-02
5.000000e-02
5.000000e-02
5.000000e-02
5.000000e-02
5.000000e-02
5.000000e-02
5.000000e-02
5.000000e-02
5.000000e-02
5.000000e-02
5.000000e-02
5.000000e-02
5.000000e-02
5.000000e-02
5.000000e-02
5.000000e-02
5.000000e-02
5.000000e-02
5.000000e-02
5.000000e-02
5.000000e-02
5.000000e-02
5.000000e-02
5.000000e-02
5.000000e-02
5.000000e-02
5.000000e-02
5.000000e-02
5.000000e-02
5.000000e-02
5.000000e-02
5.000000e-02
5.000000e-02
5.000000e-02
5.000000e-02
5.000000e-02
5.000000e-02
5.000000e-02
5.000000e-02
5.000000e-02
5.000000e-02
5.000000e-02
5.000000e-02
5.000000e-02
5.000000e-02
5.000000e-02
5.000000e-02
5.000000e-02
5.000000e-02
5.000000e-02
5.000000e-02
5.000000e-02
5.000000e-02
5.000000e-02
5.000000e-02
5.000000e-02
5.000000e-02
5.000000e-02
5.000000e-02
5.000000e-02
5.000000e-02
5.000000e-02
5.000000e-02
5.000000e-02
5.000000e-02
5.000000e-02
5.000000e-02
5.000000e-02
5.000000e-02
5.000000e-02
5.000000e-02
5.000000e-02
5.000000e-02
5.000000e-02
5.000000e-02
5.000000e-02
5.000000e-02
5.000000e-02
5.000000e-02
5.000000e-02
5.000000e-02
5.000000e-02
5.000000e-02
5.000000e-02
5.000000e-02
5.000000e-02
5.000000e-02
5.000000e-02
5.000000e-02
5.000000e-02
5.000000e-02
5.000000e-02
5.000000e-02
5.000000e-02
5.000000e-02
5.000000e-02
5.000000e-02
5.000000e-02
5.000000e-02
5.000000e-02
5.000000e-02
5.000000e-02
5.000000e-02
5.000000e-02
5.000000e-02
5.000000e-02
5.000000e-02
5.000000e-02
5.000000e-02
5.000000e-02
5.000000e-02
5.000000e-02
5.000000e-02
5.000000e-02
5.000000e-02
5.000000e-02
5.000000e-02
5.000000e-02
5.000000e-02
5.000000e-02
5.000000e-02
5.000000e-02
5.000000e-02
5.000000e-02
5.000000e-02
5.000000e-02
5.000000e-02
5.000000e-02
5.000000e-02
5.000000e-02
5.000000e-02
5.000000e-02
5.000000e-02
5.000000e-02
5.000000e-02
5.000000e-02
5.000000e-02
5.000000e-02
5.000000e-02
5.000000e-02
5.000000e-02
5.000000e-02
5.000000e-02
5.000000e-02
5.000000e-02
5.000000e-02
5.000000e-02
5.000000e-02
5.000000e-02
5.000000e-02
5.000000e-02
5.000000e-02
5.000000e-02
5.000000e-02
5.000000e-02
5.000000e-02
5.000000e-02
5.000000e-02
5.000000e-02
5.000000e-02
5.000000e-02
5.000000e-02
5.000000e-02
5.000000e-02
5.000000e-02
5.000000e-02
5.000000e-02
5.000000e-02
5.000000e-02
5.000000e-02
5.000000e-02
5.000000e-02
5.000000e-02
5.000000e-02
5.000000e-02
5.000000e-02
5.000000e-02
5.000000e-02
5.000000e-02
5.000000e-02
5.000000e-02
5.000000e-02
5.000000e-02
5.000000e-02
5.000000e-02
5.000000e-02
5.000000e-02
5.000000e-02
5.000000e-02
5.000000e-02
5.000000e-02
5.000000e-02
5.000000e-02
5.000000e-02
5.000000e-02
5.000000e-02
5.000000e-02
5.000000e-02
5.000000e-02
5.000000e-02
5.000000e-02
5.000000e-02
5.000000e-02
5.000000e-02
5.000000e-02
5.000000e-02
5.000000e-02
5.000000e-02
5.000000e-02
5.000000e-02
5.000000e-02
5.000000e-02
5.000000e-02
5.000000e-02
5.000000e-02
5.000000e-02
5.000000e-02
5.000000e-02
5.000000e-02
5.000000e-02
5.000000e-02
5.000000e-02
5.000000e-02
5.000000e-02
5.000000e-02
