# relative error [-]
5.000000e-02
5.737312e-02
7.921082e-02
8.741030e-02
8.754910e-02
8.782974e-02
9.308787e-02
9.760566e-02
9.823124e-02
9.853987e-02
1.016559e-01
1.059591e-01
1.085702e-01
1.092695e-01
1.099636e-01
1.120950e-01
1.151173e-01
1.175336e-01
1.184776e-01
1.182620e-01
1.178655e-01
1.180026e-01
1.186374e-01
1.192306e-01
1.192659e-01
1.185986e-01
1.174948e-01
1.164338e-01
1.158161e-01
1.157965e-01
1.163017e-01
1.171373e-01
1.180764e-01
1.189554e-01
1.197381e-01
1.205117e-01
1.213992e-01
1.225161e-01
1.239255e-01
1.256410e-01
1.276234e-01
1.297935e-01
1.320452e-01
1.342778e-01
1.364143e-01
1.384104e-01
1.402616e-01
1.419929e-01
1.436474e-01
1.452808e-01
1.469390e-01
1.486470e-01
1.504196e-01
1.522382e-01
1.540853e-01
1.559291e-01
1.577394e-01
1.595069e-01
1.611805e-01
1.627302e-01
1.641224e-01
1.653224e-01
1.663258e-01
1.671275e-01
1.677244e-01
1.681145e-01
1.682970e-01
1.682819e-01
1.680729e-01
1.676765e-01
1.670964e-01
1.663367e-01
1.653985e-01
1.642952e-01
1.630337e-01
1.616342e-01
1.601078e-01
1.584685e-01
1.567314e-01
1.549129e-01
1.530283e-01
1.510988e-01
1.491403e-01
1.471718e-01
1.452142e-01
1.432930e-01
1.414004e-01
1.395860e-01
1.378270e-01
1.361773e-01
1.346336e-01
1.332098e-01
1.319159e-01
1.307703e-01
1.298114e-01
1.289755e-01
1.283426e-01
1.278740e-01
1.276420e-01
1.275853e-01
1.277397e-01
1.281185e-01
1.287158e-01
1.295293e-01
1.305649e-01
1.318059e-01
1.332445e-01
1.349872e-01
1.369153e-01
1.391714e-01
1.416718e-01
1.444750e-01
1.476360e-01
1.511440e-01
1.550242e-01
1.592839e-01
1.650049e-01
1.710182e-01
1.773947e-01
1.839545e-01
1.908202e-01
1.981901e-01
2.060813e-01
2.143130e-01
2.228286e-01
2.319545e-01
2.412146e-01
2.509106e-01
2.607085e-01
2.701344e-01
2.714847e-01
2.587539e-01
2.235715e-01
1.959133e-01
1.818263e-01
1.598798e-01
1.488936e-01
1.320975e-01
1.237580e-01
1.114123e-01
1.055059e-01
9.703575e-02
9.327488e-02
9.013038e-02
8.518734e-02
8.274775e-02
8.017277e-02
7.730146e-02
7.278476e-02
6.929100e-02
6.548093e-02
6.147960e-02
5.686933e-02
5.307755e-02
5.000000e-02
5.000000e-02
5.000000e-02
5.000000e-02
5.000000e-02
5.000000e-02
5.000000e-02
5.000000e-02
5.000000e-02
5.000000e-02
5.000000e-02
5.000000e-02
5.000000e-02
5.000000e-02
5.143239e-02
5.335891e-02
5.513499e-02
5.673024e-02
5.812234e-02
5.928771e-02
6.020108e-02
6.083655e-02
6.118378e-02
6.123488e-02
6.100162e-02
6.050570e-02
5.975135e-02
5.874311e-02
5.748237e-02
5.650804e-02
5.476376e-02
5.283767e-02
5.076845e-02
5.000000e-02
5.000000e-02
5.000000e-02
5.000000e-02
5.000000e-02
5.000000e-02
5.000000e-02
5.000000e-02
5.000000e-02
5.000000e-02
5.000000e-02
5.000000e-02
5.000000e-02
5.000000e-02
5.000000e-02
5.000000e-02
5.428447e-02
5.961745e-02
6.551955e-02
7.358657e-02
8.076057e-02
8.840194e-02
9.899876e-02
1.075332e-01
1.161946e-01
1.287745e-01
1.375125e-01
1.510794e-01
1.591722e-01
1.732286e-01
1.804109e-01
1.871132e-01
2.020076e-01
2.086624e-01
2.254805e-01
2.326692e-01
2.519074e-01
2.730732e-01
2.817021e-01
3.053108e-01
3.146765e-01
3.411194e-01
3.493021e-01
3.390800e-01
3.278993e-01
3.172225e-01
3.066206e-01
2.969034e-01
2.871384e-01
2.782325e-01
2.693806e-01
2.613155e-01
2.530052e-01
2.454954e-01
2.383747e-01
2.307200e-01
2.238124e-01
2.182655e-01
2.130419e-01
2.078798e-01
2.029614e-01
1.983648e-01
1.940401e-01
1.899418e-01
1.860870e-01
1.823988e-01
1.788847e-01
1.755414e-01
1.723590e-01
1.693258e-01
1.664517e-01
1.637134e-01
1.611038e-01
1.586448e-01
1.562713e-01
1.540081e-01
1.518671e-01
1.498984e-01
1.479464e-01
1.460675e-01
1.443089e-01
1.426612e-01
1.410237e-01
1.395116e-01
1.380408e-01
1.365982e-01
1.352858e-01
1.339645e-01
1.327462e-01
1.315292e-01
1.304037e-01
1.292763e-01
1.282333e-01
1.272087e-01
1.262077e-01
1.252678e-01
1.243512e-01
1.234489e-01
1.225999e-01
1.217727e-01
1.209729e-01
1.201864e-01
1.194458e-01
1.187249e-01
1.180300e-01
1.173633e-01
1.167107e-01
1.160862e-01
1.154858e-01
1.149175e-01
1.143736e-01
1.138549e-01
1.133624e-01
1.128968e-01
1.124601e-01
1.120542e-01
1.116758e-01
1.113287e-01
1.110086e-01
1.107204e-01
1.104677e-01
1.102470e-01
1.100627e-01
1.099062e-01
1.097821e-01
1.096950e-01
1.096416e-01
1.096063e-01
1.096090e-01
1.096354e-01
1.096698e-01
1.097284e-01
1.097822e-01
1.098405e-01
1.098744e-01
1.098882e-01
1.098522e-01
1.097706e-01
1.096147e-01
1.093942e-01
1.090858e-01
1.087029e-01
1.082488e-01
1.077206e-01
1.071383e-01
1.065109e-01
1.058450e-01
1.051600e-01
1.044617e-01
1.037595e-01
1.030605e-01
1.023736e-01
1.017026e-01
1.010503e-01
1.004193e-01
9.981315e-02
9.923443e-02
9.868445e-02
9.816358e-02
9.767145e-02
9.720834e-02
9.677443e-02
9.636913e-02
9.599193e-02
9.564201e-02
9.531832e-02
9.501966e-02
9.474461e-02
9.449158e-02
9.425881e-02
9.404442e-02
9.384642e-02
9.366259e-02
9.349076e-02
9.332831e-02
9.317212e-02
9.301914e-02
9.286542e-02
9.270752e-02
9.254294e-02
9.236845e-02
9.218031e-02
9.197373e-02
9.174421e-02
9.149015e-02
9.120966e-02
9.089853e-02
9.055423e-02
9.017827e-02
8.977193e-02
8.933296e-02
8.886871e-02
8.838438e-02
8.788326e-02
8.737613e-02
8.687022e-02
8.637449e-02
8.589973e-02
8.545194e-02
8.504280e-02
8.467610e-02
8.436244e-02
8.410398e-02
8.390885e-02
8.377758e-02
8.371721e-02
8.372500e-02
8.380724e-02
8.396154e-02
8.418853e-02
8.448833e-02
8.485584e-02
8.529170e-02
8.579019e-02
8.634338e-02
8.694758e-02
8.759313e-02
8.826427e-02
8.895169e-02
8.963781e-02
9.030205e-02
9.092124e-02
9.147185e-02
9.193209e-02
9.228099e-02
9.250411e-02
9.259598e-02
9.256085e-02
9.241185e-02
9.216864e-02
9.185454e-02
9.149160e-02
9.109991e-02
9.069659e-02
9.029511e-02
8.990586e-02
8.953659e-02
8.919276e-02
8.887796e-02
8.859426e-02
8.834184e-02
8.812111e-02
8.793054e-02
8.776773e-02
8.762936e-02
8.751122e-02
8.740848e-02
8.731422e-02
8.722216e-02
8.712501e-02
8.701356e-02
8.687791e-02
8.670648e-02
8.648982e-02
8.621642e-02
8.587367e-02
8.545451e-02
8.495323e-02
8.436735e-02
8.370431e-02
8.297445e-02
8.219471e-02
8.138526e-02
8.056636e-02
7.975861e-02
7.897912e-02
7.824345e-02
7.756451e-02
7.695225e-02
7.641604e-02
7.596159e-02
7.559526e-02
7.532138e-02
7.514183e-02
7.506018e-02
7.507718e-02
7.519245e-02
7.540533e-02
7.571419e-02
7.611554e-02
7.660453e-02
7.717457e-02
7.781870e-02
7.852691e-02
7.928743e-02
8.008600e-02
8.090568e-02
8.172660e-02
8.252545e-02
8.327551e-02
8.394726e-02
8.451022e-02
8.493650e-02
8.520563e-02
8.530941e-02
8.525491e-02
8.506316e-02
8.476472e-02
8.439349e-02
8.398129e-02
8.355461e-02
8.313382e-02
8.273416e-02
8.236568e-02
8.203446e-02
8.174371e-02
8.149408e-02
8.128406e-02
8.111001e-02
8.096681e-02
8.084739e-02
8.074278e-02
8.064210e-02
8.053257e-02
8.039924e-02
8.022481e-02
7.998994e-02
7.967370e-02
7.925509e-02
7.871606e-02
7.804576e-02
7.724430e-02
7.632527e-02
7.531453e-02
7.424548e-02
7.315330e-02
7.207003e-02
7.102442e-02
7.003954e-02
6.913337e-02
6.832045e-02
6.761231e-02
6.701807e-02
6.654492e-02
6.619830e-02
6.598206e-02
6.589838e-02
6.594803e-02
6.613014e-02
6.644207e-02
6.687948e-02
6.743623e-02
6.810431e-02
6.887379e-02
6.973276e-02
7.066699e-02
7.166092e-02
7.269605e-02
7.375155e-02
7.480367e-02
7.582654e-02
7.679128e-02
7.766743e-02
7.842526e-02
7.904065e-02
7.949858e-02
7.979787e-02
7.995210e-02
7.998615e-02
7.993085e-02
7.981692e-02
7.966982e-02
7.950867e-02
7.934634e-02
7.918892e-02
7.903739e-02
7.888891e-02
7.873599e-02
7.856908e-02
7.837408e-02
7.813531e-02
7.783265e-02
7.744453e-02
7.694689e-02
7.631777e-02
7.553999e-02
7.460869e-02
7.353286e-02
7.233760e-02
7.105784e-02
6.973225e-02
6.839922e-02
6.709132e-02
6.583580e-02
6.465440e-02
6.356457e-02
6.258120e-02
6.171626e-02
6.097972e-02
6.037972e-02
5.992302e-02
5.961442e-02
5.945690e-02
5.945162e-02
5.959766e-02
5.989218e-02
6.032995e-02
6.090362e-02
6.160358e-02
6.241799e-02
6.333282e-02
6.433190e-02
6.539692e-02
6.650755e-02
6.764145e-02
6.877408e-02
6.987838e-02
7.092471e-02
7.188065e-02
7.271304e-02
7.339110e-02
7.389295e-02
7.421235e-02
7.436189e-02
7.437083e-02
7.427747e-02
7.412015e-02
7.393038e-02
7.373012e-02
7.353163e-02
7.333877e-02
7.314832e-02
7.295171e-02
7.273575e-02
7.248284e-02
7.217142e-02
7.177581e-02
7.126662e-02
7.061332e-02
6.978929e-02
6.878005e-02
6.759048e-02
6.624727e-02
6.479410e-02
6.328130e-02
6.175868e-02
6.027049e-02
5.885189e-02
5.753125e-02
5.633152e-02
5.527144e-02
5.436658e-02
5.362975e-02
5.307112e-02
5.269819e-02
5.251561e-02
5.252496e-02
5.272468e-02
5.310996e-02
5.367279e-02
5.440219e-02
5.528441e-02
5.630328e-02
5.744060e-02
5.867637e-02
5.998926e-02
6.135674e-02
6.275540e-02
6.416085e-02
6.554754e-02
6.688810e-02
6.815311e-02
6.931130e-02
7.033173e-02
7.118754e-02
7.186186e-02
7.235201e-02
7.267083e-02
7.284264e-02
7.289561e-02
7.285492e-02
7.273817e-02
7.255370e-02
7.230128e-02
7.197307e-02
7.155433e-02
7.102427e-02
7.035738e-02
6.952740e-02
6.851348e-02
6.730883e-02
6.592625e-02
6.439863e-02
6.277206e-02
6.109539e-02
5.941633e-02
5.777525e-02
5.620469e-02
5.473156e-02
5.337851e-02
5.216485e-02
5.110752e-02
5.022127e-02
5.000000e-02
5.000000e-02
5.000000e-02
5.000000e-02
5.000000e-02
5.000000e-02
5.000000e-02
5.017667e-02
5.102629e-02
5.202868e-02
5.316477e-02
5.441353e-02
5.575236e-02
5.715774e-02
5.860535e-02
6.007054e-02
6.152827e-02
6.295301e-02
6.431787e-02
6.559360e-02
6.674799e-02
6.774716e-02
6.856010e-02
6.916607e-02
6.956147e-02
6.976182e-02
6.979653e-02
6.969914e-02
6.949802e-02
6.921106e-02
6.884459e-02
6.839393e-02
6.784433e-02
6.717173e-02
6.634478e-02
6.533030e-02
6.410351e-02
6.266015e-02
6.102358e-02
5.924181e-02
5.737630e-02
5.548822e-02
5.363267e-02
5.185708e-02
5.019826e-02
5.000000e-02
5.000000e-02
5.000000e-02
5.000000e-02
5.000000e-02
5.000000e-02
5.000000e-02
5.000000e-02
5.000000e-02
5.000000e-02
5.000000e-02
5.000000e-02
5.000000e-02
5.000000e-02
5.053302e-02
5.207733e-02
5.369694e-02
5.536527e-02
5.705658e-02
5.874595e-02
6.040926e-02
6.202244e-02
6.356038e-02
6.499549e-02
6.629683e-02
6.743076e-02
6.836431e-02
6.907089e-02
6.953778e-02
6.976795e-02
6.977916e-02
6.959584e-02
6.924041e-02
6.872563e-02
6.805084e-02
6.720249e-02
6.615906e-02
6.490116e-02
6.342417e-02
6.174654e-02
5.990975e-02
5.796962e-02
5.598486e-02
5.400763e-02
5.208476e-02
5.025275e-02
5.000000e-02
5.000000e-02
5.000000e-02
5.000000e-02
5.000000e-02
5.000000e-02
5.000000e-02
5.000000e-02
5.000000e-02
5.000000e-02
5.000000e-02
5.000000e-02
5.000000e-02
5.000000e-02
5.000000e-02
5.000000e-02
5.004534e-02
5.168661e-02
5.337884e-02
5.509512e-02
5.680967e-02
5.849780e-02
6.013589e-02
6.170059e-02
6.316747e-02
6.450888e-02
6.569238e-02
6.668104e-02
6.743787e-02
6.793408e-02
6.815756e-02
6.811665e-02
6.783537e-02
6.734232e-02
6.665873e-02
6.578777e-02
6.471503e-02
6.341519e-02
6.186803e-02
6.007650e-02
5.807572e-02
5.592767e-02
5.370629e-02
5.148260e-02
5.000000e-02
5.000000e-02
5.000000e-02
5.000000e-02
5.000000e-02
5.000000e-02
5.000000e-02
5.000000e-02
5.000000e-02
5.000000e-02
5.000000e-02
5.000000e-02
5.000000e-02
5.000000e-02
5.000000e-02
5.000000e-02
5.000000e-02
5.000000e-02
5.000000e-02
5.148113e-02
5.334494e-02
5.519635e-02
5.701058e-02
5.876486e-02
6.043794e-02
6.200927e-02
6.345761e-02
6.475899e-02
6.588572e-02
6.680547e-02
6.748430e-02
6.789261e-02
6.801193e-02
6.783825e-02
6.737879e-02
6.664257e-02
6.563212e-02
6.434450e-02
6.278043e-02
6.095903e-02
5.892488e-02
5.674248e-02
5.448325e-02
5.221313e-02
5.000000e-02
5.000000e-02
5.000000e-02
5.000000e-02
5.000000e-02
5.000000e-02
5.000000e-02
5.000000e-02
5.000000e-02
5.000000e-02
5.000000e-02
5.000000e-02
5.000000e-02
5.000000e-02
5.000000e-02
5.000000e-02
5.000000e-02
5.000000e-02
5.000000e-02
5.000000e-02
5.105229e-02
5.291504e-02
5.475721e-02
5.655328e-02
5.827960e-02
5.991437e-02
6.143741e-02
6.282927e-02
6.406983e-02
6.513583e-02
6.599901e-02
6.662537e-02
6.697889e-02
6.702808e-02
6.675185e-02
6.613990e-02
6.518657e-02
6.388595e-02
6.223770e-02
6.026269e-02
5.801444e-02
5.557460e-02
5.303598e-02
5.048527e-02
5.000000e-02
5.000000e-02
5.000000e-02
5.000000e-02
5.000000e-02
5.000000e-02
5.000000e-02
5.000000e-02
5.000000e-02
5.000000e-02
5.000000e-02
5.000000e-02
5.000000e-02
5.000000e-02
5.000000e-02
5.000000e-02
5.000000e-02
5.000000e-02
5.000000e-02
5.007907e-02
5.197188e-02
5.381972e-02
5.559883e-02
5.728831e-02
5.886988e-02
6.032850e-02
6.165136e-02
6.282763e-02
6.384597e-02
6.469244e-02
6.534943e-02
6.578507e-02
6.595825e-02
6.581826e-02
6.531195e-02
6.439418e-02
6.304220e-02
6.127314e-02
5.914878e-02
5.676376e-02
5.422279e-02
5.161959e-02
5.000000e-02
5.000000e-02
5.000000e-02
5.000000e-02
5.000000e-02
5.000000e-02
5.000000e-02
5.000000e-02
5.000000e-02
5.000000e-02
5.000000e-02
5.000000e-02
5.000000e-02
5.000000e-02
5.000000e-02
5.000000e-02
5.000000e-02
5.000000e-02
5.000000e-02
5.000000e-02
5.000000e-02
5.000000e-02
5.159642e-02
5.333448e-02
5.497095e-02
5.648547e-02
5.786028e-02
5.908048e-02
6.013403e-02
6.101119e-02
6.170360e-02
6.219974e-02
6.247974e-02
6.250654e-02
6.221702e-02
6.152130e-02
6.031807e-02
5.853496e-02
5.617306e-02
5.331570e-02
5.009512e-02
5.000000e-02
5.000000e-02
5.000000e-02
5.000000e-02
5.000000e-02
5.000000e-02
5.000000e-02
5.000000e-02
5.000000e-02
5.000000e-02
5.000000e-02
5.000000e-02
5.000000e-02
5.000000e-02
5.000000e-02
5.000000e-02
5.000000e-02
5.000000e-02
5.000000e-02
5.000000e-02
5.000000e-02
5.000000e-02
5.000000e-02
5.000000e-02
5.000000e-02
5.000000e-02
5.000000e-02
5.161376e-02
5.309817e-02
5.444172e-02
5.564899e-02
5.672572e-02
5.767593e-02
5.849570e-02
5.916218e-02
5.961873e-02
5.976714e-02
5.948856e-02
