# simulation time [s]
0.000000e+00
2.080886e+11
4.161772e+11
6.242657e+11
8.323543e+11
1.040443e+12
1.248531e+12
1.456620e+12
1.664709e+12
1.872797e+12
2.080886e+12
2.288974e+12
2.497063e+12
2.705152e+12
2.913240e+12
3.121329e+12
3.329417e+12
3.537506e+12
3.745594e+12
3.953683e+12
4.161772e+12
4.369860e+12
4.577949e+12
4.786037e+12
4.994126e+12
5.202215e+12
5.410303e+12
5.618392e+12
5.826480e+12
6.034569e+12
6.242657e+12
6.450746e+12
6.658835e+12
6.866923e+12
7.075012e+12
7.283100e+12
7.491189e+12
7.699278e+12
7.907366e+12
8.115455e+12
8.323543e+12
8.531632e+12
8.739720e+12
8.947809e+12
9.155898e+12
9.363986e+12
9.572075e+12
9.780163e+12
9.988252e+12
1.019634e+13
1.040443e+13
1.061252e+13
1.082061e+13
1.102869e+13
1.123678e+13
1.144487e+13
1.165296e+13
1.186105e+13
1.206914e+13
1.227723e+13
1.248531e+13
1.269340e+13
1.290149e+13
1.310958e+13
1.331767e+13
1.352576e+13
1.373385e+13
1.394194e+13
1.415002e+13
1.435811e+13
1.456620e+13
1.477429e+13
1.498238e+13
1.519047e+13
1.539856e+13
1.560664e+13
1.581473e+13
1.602282e+13
1.623091e+13
1.643900e+13
1.664709e+13
1.685518e+13
1.706326e+13
1.727135e+13
1.747944e+13
1.768753e+13
1.789562e+13
1.810371e+13
1.831180e+13
1.851988e+13
1.872797e+13
1.893606e+13
1.914415e+13
1.935224e+13
1.956033e+13
1.976842e+13
1.997650e+13
2.018459e+13
2.039268e+13
2.060077e+13
2.080886e+13
2.101695e+13
2.122504e+13
2.143312e+13
2.164121e+13
2.184930e+13
2.205739e+13
2.226548e+13
2.247357e+13
2.268166e+13
2.288974e+13
2.309783e+13
2.330592e+13
2.351401e+13
2.372210e+13
2.393019e+13
2.413828e+13
2.434636e+13
2.455445e+13
2.476254e+13
2.497063e+13
2.517872e+13
2.538681e+13
2.559490e+13
2.580298e+13
2.601107e+13
2.621916e+13
2.642725e+13
2.663534e+13
2.684343e+13
2.705152e+13
2.725960e+13
2.746769e+13
2.767578e+13
2.788387e+13
2.809196e+13
2.830005e+13
2.850814e+13
2.871622e+13
2.892431e+13
2.913240e+13
2.934049e+13
2.954858e+13
2.975667e+13
2.996476e+13
3.017284e+13
3.038093e+13
3.058902e+13
3.079711e+13
3.100520e+13
3.121329e+13
3.142138e+13
3.162946e+13
3.183755e+13
3.204564e+13
3.225373e+13
3.246182e+13
3.266991e+13
3.287800e+13
3.308608e+13
3.329417e+13
3.350226e+13
3.371035e+13
3.391844e+13
3.412653e+13
3.433462e+13
3.454270e+13
3.475079e+13
3.495888e+13
3.516697e+13
3.537506e+13
3.558315e+13
3.579124e+13
3.599932e+13
3.620741e+13
3.641550e+13
3.662359e+13
3.683168e+13
3.703977e+13
3.724786e+13
3.745594e+13
3.766403e+13
3.787212e+13
3.808021e+13
3.828830e+13
3.849639e+13
3.870448e+13
3.891256e+13
3.912065e+13
3.932874e+13
3.953683e+13
3.974492e+13
3.995301e+13
4.016110e+13
4.036918e+13
4.057727e+13
4.078536e+13
4.099345e+13
4.120154e+13
4.140963e+13
4.161772e+13
4.182581e+13
4.203389e+13
4.224198e+13
4.245007e+13
4.265816e+13
4.286625e+13
4.307434e+13
4.328243e+13
4.349051e+13
4.369860e+13
4.390669e+13
4.411478e+13
4.432287e+13
4.453096e+13
4.473905e+13
4.494713e+13
4.515522e+13
4.536331e+13
4.557140e+13
4.577949e+13
4.598758e+13
4.619567e+13
4.640375e+13
4.661184e+13
4.681993e+13
4.702802e+13
4.723611e+13
4.744420e+13
4.765229e+13
4.786037e+13
4.806846e+13
4.827655e+13
4.848464e+13
4.869273e+13
4.890082e+13
4.910891e+13
4.931699e+13
4.952508e+13
4.973317e+13
4.994126e+13
5.014935e+13
5.035744e+13
5.056553e+13
5.077361e+13
5.098170e+13
5.118979e+13
5.139788e+13
5.160597e+13
5.181406e+13
5.202215e+13
5.223023e+13
5.243832e+13
5.264641e+13
5.285450e+13
5.306259e+13
5.327068e+13
5.347877e+13
5.368685e+13
5.389494e+13
5.410303e+13
5.431112e+13
5.451921e+13
5.472730e+13
5.493539e+13
5.514347e+13
5.535156e+13
5.555965e+13
5.576774e+13
5.597583e+13
5.618392e+13
5.639201e+13
5.660009e+13
5.680818e+13
5.701627e+13
5.722436e+13
5.743245e+13
5.764054e+13
5.784863e+13
5.805671e+13
5.826480e+13
5.847289e+13
5.868098e+13
5.888907e+13
5.909716e+13
5.930525e+13
5.951333e+13
5.972142e+13
5.992951e+13
6.013760e+13
6.034569e+13
6.055378e+13
6.076187e+13
6.096995e+13
6.117804e+13
6.138613e+13
6.159422e+13
6.180231e+13
6.201040e+13
6.221849e+13
6.242657e+13
6.263466e+13
6.284275e+13
6.305084e+13
