# relative error [-]
5.000000e-02
5.145125e-02
7.024337e-02
7.688081e-02
7.648210e-02
7.662488e-02
8.170702e-02
8.614444e-02
8.706011e-02
8.793124e-02
9.163688e-02
9.631881e-02
9.906677e-02
9.975004e-02
1.003666e-01
1.023109e-01
1.049406e-01
1.067399e-01
1.068973e-01
1.058344e-01
1.046572e-01
1.041533e-01
1.042889e-01
1.045110e-01
1.042964e-01
1.034796e-01
1.022769e-01
1.011402e-01
1.004312e-01
1.002565e-01
1.005071e-01
1.009440e-01
1.013206e-01
1.014870e-01
1.014468e-01
1.013249e-01
1.012828e-01
1.014794e-01
1.020266e-01
1.029747e-01
1.043077e-01
1.059587e-01
1.078387e-01
1.098692e-01
1.120092e-01
1.142519e-01
1.166210e-01
1.191713e-01
1.219778e-01
1.251058e-01
1.285982e-01
1.324665e-01
1.366644e-01
1.411028e-01
1.456710e-01
1.502310e-01
1.546545e-01
1.588085e-01
1.625985e-01
1.659290e-01
1.687046e-01
1.708860e-01
1.724859e-01
1.735214e-01
1.740064e-01
1.739549e-01
1.733706e-01
1.722357e-01
1.705917e-01
1.684348e-01
1.657237e-01
1.624745e-01
1.588353e-01
1.549550e-01
1.510040e-01
1.470689e-01
1.432002e-01
1.394350e-01
1.358009e-01
1.322980e-01
1.289446e-01
1.257241e-01
1.226344e-01
1.196682e-01
1.168332e-01
1.141266e-01
1.115530e-01
1.091253e-01
1.068713e-01
1.048040e-01
1.029596e-01
1.013496e-01
9.999715e-02
9.892971e-02
9.815139e-02
9.768281e-02
9.753636e-02
9.772126e-02
9.824980e-02
9.909955e-02
1.002842e-01
1.017891e-01
1.036159e-01
1.057590e-01
1.082081e-01
1.109523e-01
1.139872e-01
1.173106e-01
1.209228e-01
1.248420e-01
1.290268e-01
1.335481e-01
1.383521e-01
1.434860e-01
1.489751e-01
1.548006e-01
1.620214e-01
1.693784e-01
1.768506e-01
1.843954e-01
1.921747e-01
2.000901e-01
2.081164e-01
2.163473e-01
2.244810e-01
2.325992e-01
2.404401e-01
2.475504e-01
2.517839e-01
2.426654e-01
2.234995e-01
2.158294e-01
2.010711e-01
1.885485e-01
1.835156e-01
1.738480e-01
1.701226e-01
1.628085e-01
1.601020e-01
1.546299e-01
1.527641e-01
1.488428e-01
1.478091e-01
1.470374e-01
1.444698e-01
1.437610e-01
1.427174e-01
1.410930e-01
1.370176e-01
1.336654e-01
1.293400e-01
1.241317e-01
1.168345e-01
1.106548e-01
1.044296e-01
9.842365e-02
9.286889e-02
8.798059e-02
8.331024e-02
8.069035e-02
7.947790e-02
7.979429e-02
8.156291e-02
8.455006e-02
8.856958e-02
9.344007e-02
9.893958e-02
1.048554e-01
1.108964e-01
1.167064e-01
1.220224e-01
1.267496e-01
1.309433e-01
1.347329e-01
1.381586e-01
1.411159e-01
1.434402e-01
1.450113e-01
1.457968e-01
1.458522e-01
1.452723e-01
1.441136e-01
1.423563e-01
1.398274e-01
1.366964e-01
1.328401e-01
1.283337e-01
1.233194e-01
1.179559e-01
1.122722e-01
1.066278e-01
1.009696e-01
9.539188e-02
9.001382e-02
8.498056e-02
8.052821e-02
7.687789e-02
7.423399e-02
7.275263e-02
7.306763e-02
7.415454e-02
7.633952e-02
7.946800e-02
8.467937e-02
8.918443e-02
9.396163e-02
1.007325e-01
1.055584e-01
1.100935e-01
1.165942e-01
1.202419e-01
1.233494e-01
1.288042e-01
1.311464e-01
1.365937e-01
1.389221e-01
1.452758e-01
1.483074e-01
1.517759e-01
1.604518e-01
1.651262e-01
1.759015e-01
1.815629e-01
1.941561e-01
2.080652e-01
2.147448e-01
2.304507e-01
2.376259e-01
2.550134e-01
2.735652e-01
2.812968e-01
3.007789e-01
3.208792e-01
3.274970e-01
3.222107e-01
3.150943e-01
3.074433e-01
2.994010e-01
2.912537e-01
2.829678e-01
2.748222e-01
2.665672e-01
2.578805e-01
2.495765e-01
2.426361e-01
2.359456e-01
2.294623e-01
2.232955e-01
2.174078e-01
2.117661e-01
2.063355e-01
2.011578e-01
1.962077e-01
1.914435e-01
1.868621e-01
1.824943e-01
1.783247e-01
1.743293e-01
1.704814e-01
1.667917e-01
1.632450e-01
1.598476e-01
1.565851e-01
1.534551e-01
1.504510e-01
1.475374e-01
1.447543e-01
1.421061e-01
1.395138e-01
1.370255e-01
1.346538e-01
1.323200e-01
1.300886e-01
1.279385e-01
1.258399e-01
1.238307e-01
1.218686e-01
1.199958e-01
1.181898e-01
1.164403e-01
1.147725e-01
1.131501e-01
1.115887e-01
1.100850e-01
1.086240e-01
1.071977e-01
1.058251e-01
1.044929e-01
1.031961e-01
1.019274e-01
1.006933e-01
9.950092e-02
9.834327e-02
9.722060e-02
9.613445e-02
9.508548e-02
9.407449e-02
9.310237e-02
9.217045e-02
9.128034e-02
9.043358e-02
8.963150e-02
8.887501e-02
8.816840e-02
8.750738e-02
8.689682e-02
8.633196e-02
8.582344e-02
8.537204e-02
8.497488e-02
8.462786e-02
8.434255e-02
8.411561e-02
8.394154e-02
8.382943e-02
8.377600e-02
8.377024e-02
8.382760e-02
8.392954e-02
8.408314e-02
8.427375e-02
8.450254e-02
8.475033e-02
8.501607e-02
8.527322e-02
8.551578e-02
8.571840e-02
8.585012e-02
8.588122e-02
8.576790e-02
8.546491e-02
8.495092e-02
8.422071e-02
8.329537e-02
8.223713e-02
8.110749e-02
7.996155e-02
7.884150e-02
7.777331e-02
7.677337e-02
7.584461e-02
7.498572e-02
7.419228e-02
7.345641e-02
7.277267e-02
7.213697e-02
7.154615e-02
7.099780e-02
7.049039e-02
7.002309e-02
6.959566e-02
6.920783e-02
6.885875e-02
6.854683e-02
6.827026e-02
6.802656e-02
6.781261e-02
6.762569e-02
6.746225e-02
6.731975e-02
6.719341e-02
6.708240e-02
6.698432e-02
6.689702e-02
6.681822e-02
6.674561e-02
6.667633e-02
6.661188e-02
6.654909e-02
6.648241e-02
6.640490e-02
6.631734e-02
6.621326e-02
6.608426e-02
6.592805e-02
6.574475e-02
6.552658e-02
6.527372e-02
6.499000e-02
6.466935e-02
6.431837e-02
6.393959e-02
6.353125e-02
6.310729e-02
6.266517e-02
6.222387e-02
6.178596e-02
6.136984e-02
6.098054e-02
6.063574e-02
6.033778e-02
6.010469e-02
5.993473e-02
5.984267e-02
5.982820e-02
5.989778e-02
6.005708e-02
6.030219e-02
6.063755e-02
6.106400e-02
6.157687e-02
6.217328e-02
6.285114e-02
6.359980e-02
6.440868e-02
6.526280e-02
6.614875e-02
6.704588e-02
6.793289e-02
6.878725e-02
6.958410e-02
7.029397e-02
7.087893e-02
7.128729e-02
7.145761e-02
7.133599e-02
7.090816e-02
7.022611e-02
6.939502e-02
6.852744e-02
6.770431e-02
6.696382e-02
6.631238e-02
6.574166e-02
6.523873e-02
6.479316e-02
6.439775e-02
6.404798e-02
6.374165e-02
6.347821e-02
6.325605e-02
6.307444e-02
6.293034e-02
6.281903e-02
6.273475e-02
6.266978e-02
6.261823e-02
6.257390e-02
6.253079e-02
6.248158e-02
6.242209e-02
6.234475e-02
6.223845e-02
6.209418e-02
6.189828e-02
6.163703e-02
6.130084e-02
6.087747e-02
6.036615e-02
5.976425e-02
5.908445e-02
5.833981e-02
5.755826e-02
5.676625e-02
5.599436e-02
5.527020e-02
5.461246e-02
5.404078e-02
5.356605e-02
5.319345e-02
5.293615e-02
5.279802e-02
5.278192e-02
5.289143e-02
5.312882e-02
5.349286e-02
5.398068e-02
5.458805e-02
5.530901e-02
5.613547e-02
5.705637e-02
5.805806e-02
5.912399e-02
6.023485e-02
6.136809e-02
6.249729e-02
6.359312e-02
6.462537e-02
6.556436e-02
6.637612e-02
6.701239e-02
6.740319e-02
6.746764e-02
6.715693e-02
6.651443e-02
6.567880e-02
6.481324e-02
6.402569e-02
6.334762e-02
6.276899e-02
6.226980e-02
6.183395e-02
6.145215e-02
6.112140e-02
6.084125e-02
6.060960e-02
6.042337e-02
6.027695e-02
6.016277e-02
6.007266e-02
5.999832e-02
5.993136e-02
5.986256e-02
5.978180e-02
5.967653e-02
5.953116e-02
5.932752e-02
5.904543e-02
5.866341e-02
5.815988e-02
5.751487e-02
5.671414e-02
5.575878e-02
5.467804e-02
5.353149e-02
5.239112e-02
5.131801e-02
5.035096e-02
5.000000e-02
5.000000e-02
5.000000e-02
5.000000e-02
5.000000e-02
5.000000e-02
5.000000e-02
5.000000e-02
5.000000e-02
5.000000e-02
5.000000e-02
5.048518e-02
5.150525e-02
5.264341e-02
5.388068e-02
5.519501e-02
5.656122e-02
5.795289e-02
5.934064e-02
6.069416e-02
6.198427e-02
6.318725e-02
6.427625e-02
6.520821e-02
6.591591e-02
6.631042e-02
6.633188e-02
6.601425e-02
6.549605e-02
6.494679e-02
6.447427e-02
6.410880e-02
6.383181e-02
6.361767e-02
6.344529e-02
6.330483e-02
6.318834e-02
6.308908e-02
6.299688e-02
6.289797e-02
6.277563e-02
6.261221e-02
6.239057e-02
6.209618e-02
6.171503e-02
6.123232e-02
6.062300e-02
5.985116e-02
5.886944e-02
5.765456e-02
5.625217e-02
5.477069e-02
5.332458e-02
5.198534e-02
5.077522e-02
5.000000e-02
5.000000e-02
5.000000e-02
5.000000e-02
5.000000e-02
5.000000e-02
5.000000e-02
5.000000e-02
5.000000e-02
5.000000e-02
5.000000e-02
5.000000e-02
5.000000e-02
5.057880e-02
5.175119e-02
5.301773e-02
5.435459e-02
5.573620e-02
5.713323e-02
5.851180e-02
5.983798e-02
6.108685e-02
6.224264e-02
6.328329e-02
6.416606e-02
6.481756e-02
6.513769e-02
6.505440e-02
6.461783e-02
6.400740e-02
6.341173e-02
6.292155e-02
6.253615e-02
6.222618e-02
6.196756e-02
6.174780e-02
6.155965e-02
6.139256e-02
6.122939e-02
6.104973e-02
6.083181e-02
6.055606e-02
6.020715e-02
5.976992e-02
5.922721e-02
5.854815e-02
5.767323e-02
5.651625e-02
5.503644e-02
5.332388e-02
5.156110e-02
5.000000e-02
5.000000e-02
5.000000e-02
5.000000e-02
5.000000e-02
5.000000e-02
5.000000e-02
5.000000e-02
5.000000e-02
5.000000e-02
5.000000e-02
5.000000e-02
5.000000e-02
5.000000e-02
5.000000e-02
5.000000e-02
5.000000e-02
5.007023e-02
5.158412e-02
5.315035e-02
5.474133e-02
5.632491e-02
5.786921e-02
5.934858e-02
6.075007e-02
6.206177e-02
6.325556e-02
6.427061e-02
6.501700e-02
6.539816e-02
6.539525e-02
6.512179e-02
6.475839e-02
6.443037e-02
6.416450e-02
6.393222e-02
6.369891e-02
6.344018e-02
6.314039e-02
6.278393e-02
6.235298e-02
6.183038e-02
6.119949e-02
6.043450e-02
5.948810e-02
5.828041e-02
5.674103e-02
5.491136e-02
5.296033e-02
5.106058e-02
5.000000e-02
5.000000e-02
5.000000e-02
5.000000e-02
5.000000e-02
5.000000e-02
5.000000e-02
5.000000e-02
5.000000e-02
5.000000e-02
5.000000e-02
5.000000e-02
5.000000e-02
5.000000e-02
5.000000e-02
5.000000e-02
5.000000e-02
5.000000e-02
5.000000e-02
5.092633e-02
5.253685e-02
5.414326e-02
5.570692e-02
5.720176e-02
5.861840e-02
5.995207e-02
6.118166e-02
6.226800e-02
6.314939e-02
6.372077e-02
6.387932e-02
6.365175e-02
6.321512e-02
6.275401e-02
6.234391e-02
6.196698e-02
6.158804e-02
6.118551e-02
6.074043e-02
6.023407e-02
5.964979e-02
5.897287e-02
5.818644e-02
5.725680e-02
5.610040e-02
5.459166e-02
5.269861e-02
5.057718e-02
5.000000e-02
5.000000e-02
5.000000e-02
5.000000e-02
5.000000e-02
5.000000e-02
5.000000e-02
5.000000e-02
5.000000e-02
5.000000e-02
5.000000e-02
5.000000e-02
5.000000e-02
5.000000e-02
5.000000e-02
5.000000e-02
5.000000e-02
5.000000e-02
5.000000e-02
5.000000e-02
5.000000e-02
5.168551e-02
5.347835e-02
5.521858e-02
5.688093e-02
5.845689e-02
5.994828e-02
6.133848e-02
6.258962e-02
6.363681e-02
6.438324e-02
6.472183e-02
6.464684e-02
6.428775e-02
6.380971e-02
6.329662e-02
6.274946e-02
6.214195e-02
6.145984e-02
6.069861e-02
5.983662e-02
5.881750e-02
5.754393e-02
5.590377e-02
5.388716e-02
5.165589e-02
5.000000e-02
5.000000e-02
5.000000e-02
5.000000e-02
5.000000e-02
5.000000e-02
5.000000e-02
5.000000e-02
5.000000e-02
5.000000e-02
5.000000e-02
5.000000e-02
5.000000e-02
5.000000e-02
5.000000e-02
5.000000e-02
5.000000e-02
5.000000e-02
5.000000e-02
5.000000e-02
5.000000e-02
5.000000e-02
5.056338e-02
5.235789e-02
5.408391e-02
5.572464e-02
5.727832e-02
5.874177e-02
6.009235e-02
6.130055e-02
6.233731e-02
6.312564e-02
6.352481e-02
6.345238e-02
6.300465e-02
6.237429e-02
6.168030e-02
6.093632e-02
6.013552e-02
5.927810e-02
5.834673e-02
5.729741e-02
5.604647e-02
5.445403e-02
5.243174e-02
5.008925e-02
5.000000e-02
5.000000e-02
5.000000e-02
5.000000e-02
5.000000e-02
5.000000e-02
5.000000e-02
5.000000e-02
5.000000e-02
5.000000e-02
5.000000e-02
5.000000e-02
5.000000e-02
5.000000e-02
5.000000e-02
5.000000e-02
5.000000e-02
5.000000e-02
5.000000e-02
5.000000e-02
5.000000e-02
5.000000e-02
5.082251e-02
5.271110e-02
5.451083e-02
5.620179e-02
5.778077e-02
5.925246e-02
6.060345e-02
6.180564e-02
6.281915e-02
6.358095e-02
6.397485e-02
6.390484e-02
6.341345e-02
6.265625e-02
6.177228e-02
6.081294e-02
5.976889e-02
5.860380e-02
5.722143e-02
5.546839e-02
5.329367e-02
5.085113e-02
5.000000e-02
5.000000e-02
5.000000e-02
5.000000e-02
5.000000e-02
5.000000e-02
5.000000e-02
5.000000e-02
5.000000e-02
5.000000e-02
5.000000e-02
5.000000e-02
5.000000e-02
5.000000e-02
5.000000e-02
5.000000e-02
5.000000e-02
5.000000e-02
5.000000e-02
5.000000e-02
5.000000e-02
5.000000e-02
5.000000e-02
5.088174e-02
5.271513e-02
5.444079e-02
5.605351e-02
5.755383e-02
5.893269e-02
6.016318e-02
6.122517e-02
6.211373e-02
6.277786e-02
6.308174e-02
6.290230e-02
6.227653e-02
6.136146e-02
6.027456e-02
5.907072e-02
5.778080e-02
5.632087e-02
5.448095e-02
5.217252e-02
5.000000e-02
5.000000e-02
5.000000e-02
5.000000e-02
5.000000e-02
5.000000e-02
5.000000e-02
5.000000e-02
5.000000e-02
5.000000e-02
5.000000e-02
5.000000e-02
5.000000e-02
5.000000e-02
5.000000e-02
5.000000e-02
5.000000e-02
5.000000e-02
5.000000e-02
5.000000e-02
5.000000e-02
5.000000e-02
5.000000e-02
5.016883e-02
5.203388e-02
5.378591e-02
5.540266e-02
5.687676e-02
5.821114e-02
5.941002e-02
6.045641e-02
6.133582e-02
6.203749e-02
6.252024e-02
6.266930e-02
6.238425e-02
6.169274e-02
6.069726e-02
5.945149e-02
5.791092e-02
5.599730e-02
5.372547e-02
5.119709e-02
5.000000e-02
5.000000e-02
5.000000e-02
5.000000e-02
5.000000e-02
5.000000e-02
5.000000e-02
5.000000e-02
5.000000e-02
5.000000e-02
5.000000e-02
5.000000e-02
5.000000e-02
5.000000e-02
5.000000e-02
5.000000e-02
5.000000e-02
5.000000e-02
5.000000e-02
5.000000e-02
5.000000e-02
5.000000e-02
5.000000e-02
5.000000e-02
5.100377e-02
5.267920e-02
5.420578e-02
5.558310e-02
5.681404e-02
5.788531e-02
5.877311e-02
5.946732e-02
5.998899e-02
6.032163e-02
6.035974e-02
5.997210e-02
5.913909e-02
5.791174e-02
5.625453e-02
5.409151e-02
5.147445e-02
5.000000e-02
5.000000e-02
5.000000e-02
5.000000e-02
5.000000e-02
5.000000e-02
5.000000e-02
5.000000e-02
5.000000e-02
5.000000e-02
5.000000e-02
5.000000e-02
5.000000e-02
5.000000e-02
5.000000e-02
5.000000e-02
5.000000e-02
5.000000e-02
5.000000e-02
5.000000e-02
5.000000e-02
5.000000e-02
5.000000e-02
5.000000e-02
5.000000e-02
5.000000e-02
5.000000e-02
5.000000e-02
5.113164e-02
5.256334e-02
5.386007e-02
5.501608e-02
5.603060e-02
5.693425e-02
5.774978e-02
5.838974e-02
5.873079e-02
5.877543e-02
5.849981e-02
