# simulation time [s]
6.658944400000000000e+10
1.331788880000000000e+11
1.997683320000000000e+11
2.663577760000000000e+11
3.329472200000000000e+11
3.995366640000000000e+11
4.661261080000000000e+11
5.327155520000000000e+11
5.993049960000000000e+11
6.658944400000000000e+11
7.324838840000000000e+11
7.990733280000000000e+11
8.656627720000000000e+11
9.322522160000000000e+11
9.988416600000000000e+11
1.065431104000000000e+12
1.132020548000000000e+12
1.198609992000000000e+12
1.265199436000000000e+12
1.331788880000000000e+12
1.398378324000000000e+12
1.464967768000000000e+12
1.531557212000000000e+12
1.598146656000000000e+12
1.664736100000000000e+12
1.731325544000000000e+12
1.797914988000000000e+12
1.864504432000000000e+12
1.931093876000000000e+12
1.997683320000000000e+12
2.064272764000000000e+12
2.130862208000000000e+12
2.197451652000000000e+12
2.264041096000000000e+12
2.330630540000000000e+12
2.397219984000000000e+12
2.463809428000000000e+12
2.530398872000000000e+12
2.596988316000000000e+12
2.663577760000000000e+12
2.730167204000000000e+12
2.796756648000000000e+12
2.863346092000000000e+12
2.929935536000000000e+12
2.996524980000000000e+12
3.063114424000000000e+12
3.129703868000000000e+12
3.196293312000000000e+12
3.262882756000000000e+12
3.329472200000000000e+12
3.396061644000000000e+12
3.462651088000000000e+12
3.529240532000000000e+12
3.595829976000000000e+12
3.662419420000000000e+12
3.729008864000000000e+12
3.795598308000000000e+12
3.862187752000000000e+12
3.928777196000000000e+12
3.995366640000000000e+12
4.061956084000000000e+12
4.128545528000000000e+12
4.195134972000000000e+12
4.261724416000000000e+12
4.328313860000000000e+12
4.394903304000000000e+12
4.461492748000000000e+12
4.528082192000000000e+12
4.594671636000000000e+12
4.661261080000000000e+12
4.727850524000000000e+12
4.794439968000000000e+12
4.861029412000000000e+12
4.927618856000000000e+12
4.994208300000000000e+12
5.060797744000000000e+12
5.127387188000000000e+12
5.193976632000000000e+12
5.260566076000000000e+12
5.327155520000000000e+12
5.393744964000000000e+12
5.460334408000000000e+12
5.526923852000000000e+12
5.593513296000000000e+12
5.660102740000000000e+12
5.726692184000000000e+12
5.793281628000000000e+12
5.859871072000000000e+12
5.926460516000000000e+12
5.993049960000000000e+12
6.059639404000000000e+12
6.126228848000000000e+12
6.192818292000000000e+12
6.259407736000000000e+12
6.325997180000000000e+12
6.392586624000000000e+12
6.459176068000000000e+12
6.525765512000000000e+12
6.592354956000000000e+12
6.658944400000000000e+12
6.725533844000000000e+12
6.792123288000000000e+12
6.858712732000000000e+12
6.925302176000000000e+12
6.991891620000000000e+12
7.058481064000000000e+12
7.125070508000000000e+12
7.191659952000000000e+12
7.258249396000000000e+12
7.324838840000000000e+12
7.391428284000000000e+12
7.458017728000000000e+12
7.524607172000000000e+12
7.591196616000000000e+12
7.657786060000000000e+12
7.724375504000000000e+12
7.790964948000000000e+12
7.857554392000000000e+12
7.924143836000000000e+12
7.990733280000000000e+12
8.057322724000000000e+12
8.123912168000000000e+12
8.190501612000000000e+12
8.257091056000000000e+12
8.323680500000000000e+12
8.390269944000000000e+12
8.456859388000000000e+12
8.523448832000000000e+12
8.590038276000000000e+12
8.656627720000000000e+12
8.723217164000000000e+12
8.789806608000000000e+12
8.856396052000000000e+12
8.922985496000000000e+12
8.989574940000000000e+12
9.056164384000000000e+12
9.122753828000000000e+12
9.189343272000000000e+12
9.255932716000000000e+12
9.322522160000000000e+12
9.389111604000000000e+12
9.455701048000000000e+12
9.522290492000000000e+12
9.588879936000000000e+12
9.655469380000000000e+12
9.722058824000000000e+12
9.788648268000000000e+12
9.855237712000000000e+12
9.921827156000000000e+12
9.988416600000000000e+12
1.005500604400000000e+13
1.012159548800000000e+13
1.018818493200000000e+13
1.025477437600000000e+13
1.032136382000000000e+13
1.038795326400000000e+13
1.045454270800000000e+13
1.052113215200000000e+13
1.058772159600000000e+13
1.065431104000000000e+13
1.072090048400000000e+13
1.078748992800000000e+13
1.085407937200000000e+13
1.092066881600000000e+13
1.098725826000000000e+13
1.105384770400000000e+13
1.112043714800000000e+13
1.118702659200000000e+13
1.125361603600000000e+13
1.132020548000000000e+13
1.138679492400000000e+13
1.145338436800000000e+13
1.151997381200000000e+13
1.158656325600000000e+13
1.165315270000000000e+13
1.171974214400000000e+13
1.178633158800000000e+13
1.185292103200000000e+13
1.191951047600000000e+13
1.198609992000000000e+13
1.205268936400000000e+13
1.211927880800000000e+13
1.218586825200000000e+13
1.225245769600000000e+13
1.231904714000000000e+13
1.238563658400000000e+13
1.245222602800000000e+13
1.251881547200000000e+13
1.258540491600000000e+13
1.265199436000000000e+13
1.271858380400000000e+13
1.278517324800000000e+13
1.285176269200000000e+13
1.291835213600000000e+13
1.298494158000000000e+13
1.305153102400000000e+13
1.311812046800000000e+13
1.318470991200000000e+13
1.325129935600000000e+13
1.331788880000000000e+13
1.338447824400000000e+13
1.345106768800000000e+13
1.351765713200000000e+13
1.358424657600000000e+13
1.365083602000000000e+13
1.371742546400000000e+13
1.378401490800000000e+13
1.385060435200000000e+13
1.391719379600000000e+13
1.398378324000000000e+13
1.405037268400000000e+13
1.411696212800000000e+13
1.418355157200000000e+13
1.425014101600000000e+13
1.431673046000000000e+13
1.438331990400000000e+13
1.444990934800000000e+13
1.451649879200000000e+13
1.458308823600000000e+13
1.464967768000000000e+13
1.471626712400000000e+13
1.478285656800000000e+13
1.484944601200000000e+13
1.491603545600000000e+13
1.498262490000000000e+13
1.504921434400000000e+13
1.511580378800000000e+13
1.518239323200000000e+13
1.524898267600000000e+13
1.531557212000000000e+13
1.538216156400000000e+13
1.544875100800000000e+13
1.551534045200000000e+13
1.558192989600000000e+13
1.564851934000000000e+13
1.571510878400000000e+13
1.578169822800000000e+13
1.584828767200000000e+13
1.591487711600000000e+13
1.598146656000000000e+13
1.604805600400000000e+13
1.611464544800000000e+13
1.618123489200000000e+13
1.624782433600000000e+13
1.631441378000000000e+13
1.638100322400000000e+13
1.644759266800000000e+13
1.651418211200000000e+13
1.658077155600000000e+13
1.664736100000000000e+13
1.671395044400000000e+13
1.678053988800000000e+13
1.684712933200000000e+13
1.691371877600000000e+13
1.698030822000000000e+13
1.704689766400000000e+13
1.711348710800000000e+13
1.718007655200000000e+13
1.724666599600000000e+13
1.731325544000000000e+13
1.737984488400000000e+13
1.744643432800000000e+13
1.751302377200000000e+13
1.757961321600000000e+13
1.764620266000000000e+13
1.771279210400000000e+13
1.777938154800000000e+13
1.784597099200000000e+13
1.791256043600000000e+13
1.797914988000000000e+13
1.804573932400000000e+13
1.811232876800000000e+13
1.817891821200000000e+13
1.824550765600000000e+13
1.831209710000000000e+13
1.837868654400000000e+13
1.844527598800000000e+13
1.851186543200000000e+13
1.857845487600000000e+13
1.864504432000000000e+13
1.871163376400000000e+13
1.877822320800000000e+13
1.884481265200000000e+13
1.891140209600000000e+13
1.897799154000000000e+13
1.904458098400000000e+13
1.911117042800000000e+13
1.917775987200000000e+13
1.924434931600000000e+13
1.931093876000000000e+13
1.937752820400000000e+13
1.944411764800000000e+13
1.951070709200000000e+13
1.957729653600000000e+13
1.964388598000000000e+13
1.971047542400000000e+13
1.977706486800000000e+13
1.984365431200000000e+13
1.991024375600000000e+13
1.997683320000000000e+13
