# azimuthal angle [rad]
-3.137502e+00
-3.129321e+00
-3.121140e+00
-3.112958e+00
-3.104777e+00
-3.096596e+00
-3.088415e+00
-3.080233e+00
-3.072052e+00
-3.063871e+00
-3.055690e+00
-3.047508e+00
-3.039327e+00
-3.031146e+00
-3.022965e+00
-3.014784e+00
-3.006602e+00
-2.998421e+00
-2.990240e+00
-2.982059e+00
-2.973877e+00
-2.965696e+00
-2.957515e+00
-2.949334e+00
-2.941152e+00
-2.932971e+00
-2.924790e+00
-2.916609e+00
-2.908428e+00
-2.900246e+00
-2.892065e+00
-2.883884e+00
-2.875703e+00
-2.867521e+00
-2.859340e+00
-2.851159e+00
-2.842978e+00
-2.834796e+00
-2.826615e+00
-2.818434e+00
-2.810253e+00
-2.802072e+00
-2.793890e+00
-2.785709e+00
-2.777528e+00
-2.769347e+00
-2.761165e+00
-2.752984e+00
-2.744803e+00
-2.736622e+00
-2.728440e+00
-2.720259e+00
-2.712078e+00
-2.703897e+00
-2.695716e+00
-2.687534e+00
-2.679353e+00
-2.671172e+00
-2.662991e+00
-2.654809e+00
-2.646628e+00
-2.638447e+00
-2.630266e+00
-2.622084e+00
-2.613903e+00
-2.605722e+00
-2.597541e+00
-2.589360e+00
-2.581178e+00
-2.572997e+00
-2.564816e+00
-2.556635e+00
-2.548453e+00
-2.540272e+00
-2.532091e+00
-2.523910e+00
-2.515728e+00
-2.507547e+00
-2.499366e+00
-2.491185e+00
-2.483004e+00
-2.474822e+00
-2.466641e+00
-2.458460e+00
-2.450279e+00
-2.442097e+00
-2.433916e+00
-2.425735e+00
-2.417554e+00
-2.409372e+00
-2.401191e+00
-2.393010e+00
-2.384829e+00
-2.376648e+00
-2.368466e+00
-2.360285e+00
-2.352104e+00
-2.343923e+00
-2.335741e+00
-2.327560e+00
-2.319379e+00
-2.311198e+00
-2.303016e+00
-2.294835e+00
-2.286654e+00
-2.278473e+00
-2.270292e+00
-2.262110e+00
-2.253929e+00
-2.245748e+00
-2.237567e+00
-2.229385e+00
-2.221204e+00
-2.213023e+00
-2.204842e+00
-2.196660e+00
-2.188479e+00
-2.180298e+00
-2.172117e+00
-2.163936e+00
-2.155754e+00
-2.147573e+00
-2.139392e+00
-2.131211e+00
-2.123029e+00
-2.114848e+00
-2.106667e+00
-2.098486e+00
-2.090304e+00
-2.082123e+00
-2.073942e+00
-2.065761e+00
-2.057580e+00
-2.049398e+00
-2.041217e+00
-2.033036e+00
-2.024855e+00
-2.016673e+00
-2.008492e+00
-2.000311e+00
-1.992130e+00
-1.983948e+00
-1.975767e+00
-1.967586e+00
-1.959405e+00
-1.951224e+00
-1.943042e+00
-1.934861e+00
-1.926680e+00
-1.918499e+00
-1.910317e+00
-1.902136e+00
-1.893955e+00
-1.885774e+00
-1.877592e+00
-1.869411e+00
-1.861230e+00
-1.853049e+00
-1.844868e+00
-1.836686e+00
-1.828505e+00
-1.820324e+00
-1.812143e+00
-1.803961e+00
-1.795780e+00
-1.787599e+00
-1.779418e+00
-1.771236e+00
-1.763055e+00
-1.754874e+00
-1.746693e+00
-1.738512e+00
-1.730330e+00
-1.722149e+00
-1.713968e+00
-1.705787e+00
-1.697605e+00
-1.689424e+00
-1.681243e+00
-1.673062e+00
-1.664880e+00
-1.656699e+00
-1.648518e+00
-1.640337e+00
-1.632156e+00
-1.623974e+00
-1.615793e+00
-1.607612e+00
-1.599431e+00
-1.591249e+00
-1.583068e+00
-1.574887e+00
-1.566706e+00
-1.558524e+00
-1.550343e+00
-1.542162e+00
-1.533981e+00
-1.525800e+00
-1.517618e+00
-1.509437e+00
-1.501256e+00
-1.493075e+00
-1.484893e+00
-1.476712e+00
-1.468531e+00
-1.460350e+00
-1.452168e+00
-1.443987e+00
-1.435806e+00
-1.427625e+00
-1.419444e+00
-1.411262e+00
-1.403081e+00
-1.394900e+00
-1.386719e+00
-1.378537e+00
-1.370356e+00
-1.362175e+00
-1.353994e+00
-1.345812e+00
-1.337631e+00
-1.329450e+00
-1.321269e+00
-1.313088e+00
-1.304906e+00
-1.296725e+00
-1.288544e+00
-1.280363e+00
-1.272181e+00
-1.264000e+00
-1.255819e+00
-1.247638e+00
-1.239456e+00
-1.231275e+00
-1.223094e+00
-1.214913e+00
-1.206732e+00
-1.198550e+00
-1.190369e+00
-1.182188e+00
-1.174007e+00
-1.165825e+00
-1.157644e+00
-1.149463e+00
-1.141282e+00
-1.133100e+00
-1.124919e+00
-1.116738e+00
-1.108557e+00
-1.100376e+00
-1.092194e+00
-1.084013e+00
-1.075832e+00
-1.067651e+00
-1.059469e+00
-1.051288e+00
-1.043107e+00
-1.034926e+00
-1.026744e+00
-1.018563e+00
-1.010382e+00
-1.002201e+00
-9.940196e-01
-9.858383e-01
-9.776571e-01
-9.694759e-01
-9.612946e-01
-9.531134e-01
-9.449322e-01
-9.367509e-01
-9.285697e-01
-9.203885e-01
-9.122072e-01
-9.040260e-01
-8.958448e-01
-8.876635e-01
-8.794823e-01
-8.713011e-01
-8.631199e-01
-8.549386e-01
-8.467574e-01
-8.385762e-01
-8.303949e-01
-8.222137e-01
-8.140325e-01
-8.058512e-01
-7.976700e-01
-7.894888e-01
-7.813075e-01
-7.731263e-01
-7.649451e-01
-7.567639e-01
-7.485826e-01
-7.404014e-01
-7.322202e-01
-7.240389e-01
-7.158577e-01
-7.076765e-01
-6.994952e-01
-6.913140e-01
-6.831328e-01
-6.749515e-01
-6.667703e-01
-6.585891e-01
-6.504079e-01
-6.422266e-01
-6.340454e-01
-6.258642e-01
-6.176829e-01
-6.095017e-01
-6.013205e-01
-5.931392e-01
-5.849580e-01
-5.767768e-01
-5.685955e-01
-5.604143e-01
-5.522331e-01
-5.440519e-01
-5.358706e-01
-5.276894e-01
-5.195082e-01
-5.113269e-01
-5.031457e-01
-4.949645e-01
-4.867832e-01
-4.786020e-01
-4.704208e-01
-4.622395e-01
-4.540583e-01
-4.458771e-01
-4.376959e-01
-4.295146e-01
-4.213334e-01
-4.131522e-01
-4.049709e-01
-3.967897e-01
-3.886085e-01
-3.804272e-01
-3.722460e-01
-3.640648e-01
-3.558835e-01
-3.477023e-01
-3.395211e-01
-3.313399e-01
-3.231586e-01
-3.149774e-01
-3.067962e-01
-2.986149e-01
-2.904337e-01
-2.822525e-01
-2.740712e-01
-2.658900e-01
-2.577088e-01
-2.495275e-01
-2.413463e-01
-2.331651e-01
-2.249838e-01
-2.168026e-01
-2.086214e-01
-2.004402e-01
-1.922589e-01
-1.840777e-01
-1.758965e-01
-1.677152e-01
-1.595340e-01
-1.513528e-01
-1.431715e-01
-1.349903e-01
-1.268091e-01
-1.186278e-01
-1.104466e-01
-1.022654e-01
-9.408415e-02
-8.590292e-02
-7.772169e-02
-6.954046e-02
-6.135923e-02
-5.317800e-02
-4.499677e-02
-3.681554e-02
-2.863431e-02
-2.045308e-02
-1.227185e-02
-4.090615e-03
4.090615e-03
1.227185e-02
2.045308e-02
2.863431e-02
3.681554e-02
4.499677e-02
5.317800e-02
6.135923e-02
6.954046e-02
7.772169e-02
8.590292e-02
9.408415e-02
1.022654e-01
1.104466e-01
1.186278e-01
1.268091e-01
1.349903e-01
1.431715e-01
1.513528e-01
1.595340e-01
1.677152e-01
1.758965e-01
1.840777e-01
1.922589e-01
2.004402e-01
2.086214e-01
2.168026e-01
2.249838e-01
2.331651e-01
2.413463e-01
2.495275e-01
2.577088e-01
2.658900e-01
2.740712e-01
2.822525e-01
2.904337e-01
2.986149e-01
3.067962e-01
3.149774e-01
3.231586e-01
3.313399e-01
3.395211e-01
3.477023e-01
3.558835e-01
3.640648e-01
3.722460e-01
3.804272e-01
3.886085e-01
3.967897e-01
4.049709e-01
4.131522e-01
4.213334e-01
4.295146e-01
4.376959e-01
4.458771e-01
4.540583e-01
4.622395e-01
4.704208e-01
4.786020e-01
4.867832e-01
4.949645e-01
5.031457e-01
5.113269e-01
5.195082e-01
5.276894e-01
5.358706e-01
5.440519e-01
5.522331e-01
5.604143e-01
5.685955e-01
5.767768e-01
5.849580e-01
5.931392e-01
6.013205e-01
6.095017e-01
6.176829e-01
6.258642e-01
6.340454e-01
6.422266e-01
6.504079e-01
6.585891e-01
6.667703e-01
6.749515e-01
6.831328e-01
6.913140e-01
6.994952e-01
7.076765e-01
7.158577e-01
7.240389e-01
7.322202e-01
7.404014e-01
7.485826e-01
7.567639e-01
7.649451e-01
7.731263e-01
7.813075e-01
7.894888e-01
7.976700e-01
8.058512e-01
8.140325e-01
8.222137e-01
8.303949e-01
8.385762e-01
8.467574e-01
8.549386e-01
8.631199e-01
8.713011e-01
8.794823e-01
8.876635e-01
8.958448e-01
9.040260e-01
9.122072e-01
9.203885e-01
9.285697e-01
9.367509e-01
9.449322e-01
9.531134e-01
9.612946e-01
9.694759e-01
9.776571e-01
9.858383e-01
9.940196e-01
1.002201e+00
1.010382e+00
1.018563e+00
1.026744e+00
1.034926e+00
1.043107e+00
1.051288e+00
1.059469e+00
1.067651e+00
1.075832e+00
1.084013e+00
1.092194e+00
1.100376e+00
1.108557e+00
1.116738e+00
1.124919e+00
1.133100e+00
1.141282e+00
1.149463e+00
1.157644e+00
1.165825e+00
1.174007e+00
1.182188e+00
1.190369e+00
1.198550e+00
1.206732e+00
1.214913e+00
1.223094e+00
1.231275e+00
1.239456e+00
1.247638e+00
1.255819e+00
1.264000e+00
1.272181e+00
1.280363e+00
1.288544e+00
1.296725e+00
1.304906e+00
1.313088e+00
1.321269e+00
1.329450e+00
1.337631e+00
1.345812e+00
1.353994e+00
1.362175e+00
1.370356e+00
1.378537e+00
1.386719e+00
1.394900e+00
1.403081e+00
1.411262e+00
1.419444e+00
1.427625e+00
1.435806e+00
1.443987e+00
1.452168e+00
1.460350e+00
1.468531e+00
1.476712e+00
1.484893e+00
1.493075e+00
1.501256e+00
1.509437e+00
1.517618e+00
1.525800e+00
1.533981e+00
1.542162e+00
1.550343e+00
1.558524e+00
1.566706e+00
1.574887e+00
1.583068e+00
1.591249e+00
1.599431e+00
1.607612e+00
1.615793e+00
1.623974e+00
1.632156e+00
1.640337e+00
1.648518e+00
1.656699e+00
1.664880e+00
1.673062e+00
1.681243e+00
1.689424e+00
1.697605e+00
1.705787e+00
1.713968e+00
1.722149e+00
1.730330e+00
1.738512e+00
1.746693e+00
1.754874e+00
1.763055e+00
1.771236e+00
1.779418e+00
1.787599e+00
1.795780e+00
1.803961e+00
1.812143e+00
1.820324e+00
1.828505e+00
1.836686e+00
1.844868e+00
1.853049e+00
1.861230e+00
1.869411e+00
1.877592e+00
1.885774e+00
1.893955e+00
1.902136e+00
1.910317e+00
1.918499e+00
1.926680e+00
1.934861e+00
1.943042e+00
1.951224e+00
1.959405e+00
1.967586e+00
1.975767e+00
1.983948e+00
1.992130e+00
2.000311e+00
2.008492e+00
2.016673e+00
2.024855e+00
2.033036e+00
2.041217e+00
2.049398e+00
2.057580e+00
2.065761e+00
2.073942e+00
2.082123e+00
2.090304e+00
2.098486e+00
2.106667e+00
2.114848e+00
2.123029e+00
2.131211e+00
2.139392e+00
2.147573e+00
2.155754e+00
2.163936e+00
2.172117e+00
2.180298e+00
2.188479e+00
2.196660e+00
2.204842e+00
2.213023e+00
2.221204e+00
2.229385e+00
2.237567e+00
2.245748e+00
2.253929e+00
2.262110e+00
2.270292e+00
2.278473e+00
2.286654e+00
2.294835e+00
2.303016e+00
2.311198e+00
2.319379e+00
2.327560e+00
2.335741e+00
2.343923e+00
2.352104e+00
2.360285e+00
2.368466e+00
2.376648e+00
2.384829e+00
2.393010e+00
2.401191e+00
2.409372e+00
2.417554e+00
2.425735e+00
2.433916e+00
2.442097e+00
2.450279e+00
2.458460e+00
2.466641e+00
2.474822e+00
2.483004e+00
2.491185e+00
2.499366e+00
2.507547e+00
2.515728e+00
2.523910e+00
2.532091e+00
2.540272e+00
2.548453e+00
2.556635e+00
2.564816e+00
2.572997e+00
2.581178e+00
2.589360e+00
2.597541e+00
2.605722e+00
2.613903e+00
2.622084e+00
2.630266e+00
2.638447e+00
2.646628e+00
2.654809e+00
2.662991e+00
2.671172e+00
2.679353e+00
2.687534e+00
2.695716e+00
2.703897e+00
2.712078e+00
2.720259e+00
2.728440e+00
2.736622e+00
2.744803e+00
2.752984e+00
2.761165e+00
2.769347e+00
2.777528e+00
2.785709e+00
2.793890e+00
2.802072e+00
2.810253e+00
2.818434e+00
2.826615e+00
2.834796e+00
2.842978e+00
2.851159e+00
2.859340e+00
2.867521e+00
2.875703e+00
2.883884e+00
2.892065e+00
2.900246e+00
2.908428e+00
2.916609e+00
2.924790e+00
2.932971e+00
2.941152e+00
2.949334e+00
2.957515e+00
2.965696e+00
2.973877e+00
2.982059e+00
2.990240e+00
2.998421e+00
3.006602e+00
3.014784e+00
3.022965e+00
3.031146e+00
3.039327e+00
3.047508e+00
3.055690e+00
3.063871e+00
3.072052e+00
3.080233e+00
3.088415e+00
3.096596e+00
3.104777e+00
3.112958e+00
3.121140e+00
3.129321e+00
3.137502e+00
