# radius [cm]
7.597984e+13
7.834164e+13
8.070345e+13
8.306525e+13
8.542706e+13
8.778887e+13
9.015067e+13
9.251248e+13
9.487428e+13
9.723609e+13
9.959789e+13
1.019597e+14
1.043215e+14
1.066833e+14
1.090451e+14
1.114069e+14
1.137687e+14
1.161305e+14
1.184923e+14
1.208541e+14
1.232160e+14
1.255778e+14
1.279396e+14
1.303014e+14
1.326632e+14
1.350250e+14
1.373868e+14
1.397486e+14
1.421104e+14
1.444722e+14
1.468340e+14
1.491958e+14
1.515576e+14
1.539194e+14
1.562812e+14
1.586430e+14
1.610048e+14
1.633666e+14
1.657285e+14
1.680903e+14
1.704521e+14
1.728139e+14
1.751757e+14
1.775375e+14
1.798993e+14
1.822611e+14
1.846229e+14
1.869847e+14
1.893465e+14
1.917083e+14
1.940701e+14
1.964319e+14
1.987937e+14
2.011555e+14
2.035173e+14
2.058791e+14
2.082410e+14
2.106028e+14
2.129646e+14
2.153264e+14
2.176882e+14
2.200500e+14
2.224118e+14
2.247736e+14
2.271354e+14
2.294972e+14
2.318590e+14
2.342208e+14
2.365826e+14
2.389444e+14
2.413062e+14
2.436680e+14
2.460298e+14
2.483916e+14
2.507535e+14
2.531153e+14
2.554771e+14
2.578389e+14
2.602007e+14
2.625625e+14
2.649243e+14
2.672861e+14
2.696479e+14
2.720097e+14
2.743715e+14
2.767333e+14
2.790951e+14
2.814569e+14
2.838187e+14
2.861805e+14
2.885423e+14
2.909041e+14
2.932660e+14
2.956278e+14
2.979896e+14
3.003514e+14
3.027132e+14
3.050750e+14
3.074368e+14
3.097986e+14
3.121604e+14
3.145222e+14
3.168840e+14
3.192458e+14
3.216076e+14
3.239694e+14
3.263312e+14
3.286930e+14
3.310548e+14
3.334166e+14
3.357785e+14
3.381403e+14
3.405021e+14
3.428639e+14
3.452257e+14
3.475875e+14
3.499493e+14
3.523111e+14
3.546729e+14
3.570347e+14
3.593965e+14
3.617583e+14
3.641201e+14
3.664819e+14
3.688437e+14
3.712055e+14
3.735673e+14
3.759291e+14
3.782910e+14
3.806528e+14
3.830146e+14
3.853764e+14
3.877382e+14
3.901000e+14
3.924618e+14
3.948236e+14
3.971854e+14
3.995472e+14
4.019090e+14
4.042708e+14
4.066326e+14
4.089944e+14
4.113562e+14
4.137180e+14
4.160798e+14
4.184417e+14
4.208035e+14
4.231653e+14
4.255271e+14
4.278889e+14
4.302507e+14
4.326125e+14
4.349743e+14
4.373361e+14
4.396979e+14
4.420597e+14
4.444215e+14
4.467833e+14
4.491451e+14
4.515069e+14
4.538687e+14
4.562305e+14
4.585923e+14
4.609542e+14
4.633160e+14
4.656778e+14
4.680396e+14
4.704014e+14
4.727632e+14
4.751250e+14
4.774868e+14
4.798486e+14
4.822104e+14
4.845722e+14
4.869340e+14
4.892958e+14
4.916576e+14
4.940194e+14
4.963812e+14
4.987430e+14
5.011048e+14
5.034667e+14
5.058285e+14
5.081903e+14
5.105521e+14
5.129139e+14
5.152757e+14
5.176375e+14
5.199993e+14
5.223611e+14
5.247229e+14
5.270847e+14
5.294465e+14
5.318083e+14
5.341701e+14
5.365319e+14
5.388937e+14
5.412555e+14
5.436173e+14
5.459792e+14
5.483410e+14
5.507028e+14
5.530646e+14
5.554264e+14
5.577882e+14
5.601500e+14
5.625118e+14
5.648736e+14
5.672354e+14
5.695972e+14
5.719590e+14
5.743208e+14
5.766826e+14
5.790444e+14
5.814062e+14
5.837680e+14
5.861298e+14
5.884917e+14
5.908535e+14
5.932153e+14
5.955771e+14
5.979389e+14
6.003007e+14
6.026625e+14
6.050243e+14
6.073861e+14
6.097479e+14
6.121097e+14
6.144715e+14
6.168333e+14
6.191951e+14
6.215569e+14
6.239187e+14
6.262805e+14
6.286423e+14
6.310042e+14
6.333660e+14
6.357278e+14
6.380896e+14
6.404514e+14
6.428132e+14
6.451750e+14
6.475368e+14
6.498986e+14
6.522604e+14
6.546222e+14
6.569840e+14
6.593458e+14
6.617076e+14
6.640694e+14
6.664312e+14
6.687930e+14
6.711548e+14
6.735167e+14
6.758785e+14
6.782403e+14
6.806021e+14
6.829639e+14
6.853257e+14
6.876875e+14
6.900493e+14
6.924111e+14
6.947729e+14
6.971347e+14
6.994965e+14
7.018583e+14
7.042201e+14
7.065819e+14
7.089437e+14
7.113055e+14
7.136674e+14
7.160292e+14
7.183910e+14
7.207528e+14
7.231146e+14
7.254764e+14
7.278382e+14
7.302000e+14
7.325618e+14
7.349236e+14
7.372854e+14
7.396472e+14
7.420090e+14
7.443708e+14
7.467326e+14
7.490944e+14
7.514562e+14
7.538180e+14
7.561799e+14
7.585417e+14
7.609035e+14
7.632653e+14
7.656271e+14
7.679889e+14
7.703507e+14
7.727125e+14
7.750743e+14
7.774361e+14
7.797979e+14
7.821597e+14
7.845215e+14
7.868833e+14
7.892451e+14
7.916069e+14
7.939687e+14
7.963305e+14
7.986924e+14
8.010542e+14
8.034160e+14
8.057778e+14
8.081396e+14
8.105014e+14
8.128632e+14
8.152250e+14
8.175868e+14
8.199486e+14
8.223104e+14
8.246722e+14
8.270340e+14
8.293958e+14
8.317576e+14
8.341194e+14
8.364812e+14
8.388430e+14
8.412049e+14
8.435667e+14
8.459285e+14
8.482903e+14
8.506521e+14
8.530139e+14
8.553757e+14
8.577375e+14
8.600993e+14
8.624611e+14
8.648229e+14
8.671847e+14
8.695465e+14
8.719083e+14
8.742701e+14
8.766319e+14
8.789937e+14
8.813555e+14
8.837174e+14
8.860792e+14
8.884410e+14
8.908028e+14
8.931646e+14
8.955264e+14
8.978882e+14
9.002500e+14
9.026118e+14
9.049736e+14
9.073354e+14
9.096972e+14
9.120590e+14
9.144208e+14
9.167826e+14
9.191444e+14
9.215062e+14
9.238680e+14
9.262299e+14
9.285917e+14
9.309535e+14
9.333153e+14
9.356771e+14
9.380389e+14
9.404007e+14
9.427625e+14
9.451243e+14
9.474861e+14
9.498479e+14
9.522097e+14
9.545715e+14
9.569333e+14
9.592951e+14
9.616569e+14
9.640187e+14
9.663806e+14
9.687424e+14
9.711042e+14
9.734660e+14
9.758278e+14
9.781896e+14
9.805514e+14
9.829132e+14
9.852750e+14
9.876368e+14
9.899986e+14
9.923604e+14
9.947222e+14
9.970840e+14
9.994458e+14
1.001808e+15
1.004169e+15
1.006531e+15
1.008893e+15
1.011255e+15
1.013617e+15
1.015978e+15
1.018340e+15
1.020702e+15
1.023064e+15
1.025426e+15
1.027787e+15
1.030149e+15
1.032511e+15
1.034873e+15
1.037235e+15
1.039597e+15
1.041958e+15
1.044320e+15
1.046682e+15
1.049044e+15
1.051406e+15
1.053767e+15
1.056129e+15
1.058491e+15
1.060853e+15
1.063215e+15
1.065576e+15
1.067938e+15
1.070300e+15
1.072662e+15
1.075024e+15
1.077385e+15
1.079747e+15
1.082109e+15
1.084471e+15
1.086833e+15
1.089194e+15
1.091556e+15
1.093918e+15
1.096280e+15
1.098642e+15
1.101003e+15
1.103365e+15
1.105727e+15
1.108089e+15
1.110451e+15
1.112812e+15
1.115174e+15
1.117536e+15
1.119898e+15
1.122260e+15
1.124622e+15
1.126983e+15
1.129345e+15
1.131707e+15
1.134069e+15
1.136431e+15
1.138792e+15
1.141154e+15
1.143516e+15
1.145878e+15
1.148240e+15
1.150601e+15
1.152963e+15
1.155325e+15
1.157687e+15
1.160049e+15
1.162410e+15
1.164772e+15
1.167134e+15
1.169496e+15
1.171858e+15
1.174219e+15
1.176581e+15
1.178943e+15
1.181305e+15
1.183667e+15
1.186028e+15
1.188390e+15
1.190752e+15
1.193114e+15
1.195476e+15
1.197837e+15
1.200199e+15
1.202561e+15
1.204923e+15
1.207285e+15
1.209647e+15
1.212008e+15
1.214370e+15
1.216732e+15
1.219094e+15
1.221456e+15
1.223817e+15
1.226179e+15
1.228541e+15
1.230903e+15
1.233265e+15
1.235626e+15
1.237988e+15
1.240350e+15
1.242712e+15
1.245074e+15
1.247435e+15
1.249797e+15
1.252159e+15
1.254521e+15
1.256883e+15
1.259244e+15
1.261606e+15
1.263968e+15
1.266330e+15
1.268692e+15
1.271053e+15
1.273415e+15
1.275777e+15
1.278139e+15
1.280501e+15
1.282863e+15
1.285224e+15
1.287586e+15
1.289948e+15
1.292310e+15
1.294672e+15
1.297033e+15
1.299395e+15
1.301757e+15
1.304119e+15
1.306481e+15
1.308842e+15
1.311204e+15
1.313566e+15
1.315928e+15
1.318290e+15
1.320651e+15
1.323013e+15
1.325375e+15
1.327737e+15
1.330099e+15
1.332460e+15
1.334822e+15
1.337184e+15
1.339546e+15
1.341908e+15
1.344269e+15
1.346631e+15
1.348993e+15
1.351355e+15
1.353717e+15
1.356078e+15
1.358440e+15
1.360802e+15
1.363164e+15
1.365526e+15
1.367888e+15
1.370249e+15
1.372611e+15
1.374973e+15
1.377335e+15
1.379697e+15
1.382058e+15
1.384420e+15
1.386782e+15
1.389144e+15
1.391506e+15
1.393867e+15
1.396229e+15
1.398591e+15
1.400953e+15
1.403315e+15
1.405676e+15
1.408038e+15
1.410400e+15
1.412762e+15
1.415124e+15
1.417485e+15
1.419847e+15
1.422209e+15
1.424571e+15
1.426933e+15
1.429294e+15
1.431656e+15
1.434018e+15
1.436380e+15
1.438742e+15
1.441103e+15
1.443465e+15
1.445827e+15
1.448189e+15
1.450551e+15
1.452913e+15
1.455274e+15
1.457636e+15
1.459998e+15
1.462360e+15
1.464722e+15
1.467083e+15
1.469445e+15
1.471807e+15
1.474169e+15
1.476531e+15
1.478892e+15
1.481254e+15
1.483616e+15
1.485978e+15
1.488340e+15
1.490701e+15
1.493063e+15
1.495425e+15
1.497787e+15
1.500149e+15
1.502510e+15
1.504872e+15
1.507234e+15
1.509596e+15
1.511958e+15
1.514319e+15
1.516681e+15
1.519043e+15
1.521405e+15
1.523767e+15
1.526128e+15
1.528490e+15
1.530852e+15
1.533214e+15
1.535576e+15
1.537938e+15
1.540299e+15
1.542661e+15
1.545023e+15
1.547385e+15
1.549747e+15
1.552108e+15
1.554470e+15
1.556832e+15
1.559194e+15
1.561556e+15
1.563917e+15
1.566279e+15
1.568641e+15
1.571003e+15
1.573365e+15
1.575726e+15
1.578088e+15
1.580450e+15
1.582812e+15
1.585174e+15
1.587535e+15
1.589897e+15
1.592259e+15
1.594621e+15
1.596983e+15
1.599344e+15
1.601706e+15
1.604068e+15
1.606430e+15
1.608792e+15
1.611153e+15
1.613515e+15
1.615877e+15
1.618239e+15
1.620601e+15
1.622963e+15
1.625324e+15
1.627686e+15
1.630048e+15
1.632410e+15
1.634772e+15
1.637133e+15
1.639495e+15
1.641857e+15
1.644219e+15
1.646581e+15
1.648942e+15
1.651304e+15
1.653666e+15
1.656028e+15
1.658390e+15
1.660751e+15
1.663113e+15
1.665475e+15
1.667837e+15
1.670199e+15
1.672560e+15
1.674922e+15
1.677284e+15
1.679646e+15
1.682008e+15
1.684369e+15
1.686731e+15
1.689093e+15
1.691455e+15
1.693817e+15
1.696178e+15
1.698540e+15
1.700902e+15
1.703264e+15
1.705626e+15
1.707988e+15
1.710349e+15
1.712711e+15
1.715073e+15
1.717435e+15
1.719797e+15
1.722158e+15
1.724520e+15
1.726882e+15
1.729244e+15
1.731606e+15
1.733967e+15
1.736329e+15
1.738691e+15
1.741053e+15
1.743415e+15
1.745776e+15
1.748138e+15
1.750500e+15
1.752862e+15
1.755224e+15
1.757585e+15
1.759947e+15
1.762309e+15
1.764671e+15
1.767033e+15
1.769394e+15
1.771756e+15
1.774118e+15
1.776480e+15
1.778842e+15
1.781203e+15
1.783565e+15
1.785927e+15
1.788289e+15
1.790651e+15
1.793013e+15
1.795374e+15
1.797736e+15
1.800098e+15
1.802460e+15
1.804822e+15
1.807183e+15
1.809545e+15
1.811907e+15
1.814269e+15
1.816631e+15
1.818992e+15
1.821354e+15
1.823716e+15
1.826078e+15
1.828440e+15
1.830801e+15
1.833163e+15
1.835525e+15
1.837887e+15
1.840249e+15
1.842610e+15
1.844972e+15
1.847334e+15
1.849696e+15
1.852058e+15
1.854419e+15
1.856781e+15
1.859143e+15
1.861505e+15
1.863867e+15
1.866228e+15
1.868590e+15
1.870952e+15
1.873314e+15
1.875676e+15
1.878038e+15
1.880399e+15
1.882761e+15
1.885123e+15
1.887485e+15
1.889847e+15
1.892208e+15
1.894570e+15
1.896932e+15
1.899294e+15
1.901656e+15
1.904017e+15
1.906379e+15
1.908741e+15
1.911103e+15
1.913465e+15
1.915826e+15
1.918188e+15
1.920550e+15
1.922912e+15
1.925274e+15
1.927635e+15
1.929997e+15
1.932359e+15
1.934721e+15
1.937083e+15
1.939444e+15
1.941806e+15
1.944168e+15
1.946530e+15
1.948892e+15
1.951253e+15
1.953615e+15
1.955977e+15
1.958339e+15
1.960701e+15
1.963063e+15
1.965424e+15
1.967786e+15
1.970148e+15
1.972510e+15
1.974872e+15
1.977233e+15
1.979595e+15
1.981957e+15
1.984319e+15
1.986681e+15
1.989042e+15
1.991404e+15
1.993766e+15
1.996128e+15
1.998490e+15
2.000851e+15
2.003213e+15
2.005575e+15
2.007937e+15
2.010299e+15
2.012660e+15
2.015022e+15
2.017384e+15
2.019746e+15
2.022108e+15
2.024469e+15
2.026831e+15
2.029193e+15
2.031555e+15
2.033917e+15
2.036278e+15
2.038640e+15
2.041002e+15
2.043364e+15
2.045726e+15
2.048088e+15
2.050449e+15
2.052811e+15
2.055173e+15
2.057535e+15
2.059897e+15
2.062258e+15
2.064620e+15
2.066982e+15
2.069344e+15
2.071706e+15
2.074067e+15
2.076429e+15
2.078791e+15
2.081153e+15
2.083515e+15
2.085876e+15
2.088238e+15
2.090600e+15
2.092962e+15
2.095324e+15
2.097685e+15
2.100047e+15
2.102409e+15
2.104771e+15
2.107133e+15
2.109494e+15
2.111856e+15
2.114218e+15
2.116580e+15
2.118942e+15
2.121303e+15
2.123665e+15
2.126027e+15
2.128389e+15
2.130751e+15
2.133113e+15
2.135474e+15
2.137836e+15
2.140198e+15
2.142560e+15
2.144922e+15
2.147283e+15
2.149645e+15
2.152007e+15
2.154369e+15
2.156731e+15
2.159092e+15
2.161454e+15
2.163816e+15
2.166178e+15
2.168540e+15
2.170901e+15
2.173263e+15
2.175625e+15
2.177987e+15
2.180349e+15
2.182710e+15
2.185072e+15
2.187434e+15
2.189796e+15
2.192158e+15
2.194519e+15
2.196881e+15
2.199243e+15
2.201605e+15
2.203967e+15
2.206328e+15
2.208690e+15
2.211052e+15
2.213414e+15
2.215776e+15
2.218138e+15
2.220499e+15
2.222861e+15
2.225223e+15
2.227585e+15
2.229947e+15
2.232308e+15
2.234670e+15
2.237032e+15
2.239394e+15
2.241756e+15
2.244117e+15
2.246479e+15
2.248841e+15
2.251203e+15
2.253565e+15
2.255926e+15
2.258288e+15
2.260650e+15
2.263012e+15
2.265374e+15
2.267735e+15
2.270097e+15
2.272459e+15
2.274821e+15
2.277183e+15
2.279544e+15
2.281906e+15
2.284268e+15
2.286630e+15
2.288992e+15
2.291353e+15
2.293715e+15
2.296077e+15
2.298439e+15
2.300801e+15
2.303163e+15
2.305524e+15
2.307886e+15
2.310248e+15
2.312610e+15
2.314972e+15
2.317333e+15
2.319695e+15
2.322057e+15
2.324419e+15
2.326781e+15
2.329142e+15
2.331504e+15
2.333866e+15
2.336228e+15
2.338590e+15
2.340951e+15
2.343313e+15
2.345675e+15
2.348037e+15
2.350399e+15
2.352760e+15
2.355122e+15
2.357484e+15
2.359846e+15
2.362208e+15
2.364569e+15
2.366931e+15
2.369293e+15
2.371655e+15
2.374017e+15
2.376378e+15
2.378740e+15
2.381102e+15
2.383464e+15
2.385826e+15
2.388188e+15
2.390549e+15
2.392911e+15
2.395273e+15
2.397635e+15
2.399997e+15
2.402358e+15
2.404720e+15
2.407082e+15
2.409444e+15
2.411806e+15
2.414167e+15
2.416529e+15
2.418891e+15
2.421253e+15
2.423615e+15
2.425976e+15
2.428338e+15
2.430700e+15
2.433062e+15
2.435424e+15
2.437785e+15
2.440147e+15
2.442509e+15
2.444871e+15
2.447233e+15
2.449594e+15
2.451956e+15
2.454318e+15
2.456680e+15
2.459042e+15
2.461403e+15
2.463765e+15
2.466127e+15
2.468489e+15
2.470851e+15
2.473213e+15
2.475574e+15
2.477936e+15
2.480298e+15
2.482660e+15
2.485022e+15
2.487383e+15
2.489745e+15
2.492107e+15
