# relative error [-]
5.000000e-02
5.000000e-02
5.000000e-02
5.000000e-02
5.144475e-02
5.692326e-02
6.139107e-02
6.609791e-02
6.644560e-02
6.482956e-02
6.475564e-02
6.354060e-02
5.857715e-02
5.160161e-02
5.000000e-02
5.000000e-02
5.000000e-02
5.172666e-02
5.595121e-02
5.861346e-02
6.237631e-02
6.846784e-02
7.503410e-02
7.961122e-02
8.192352e-02
8.279588e-02
8.319602e-02
8.396166e-02
8.544862e-02
8.768015e-02
9.050371e-02
9.374625e-02
9.726549e-02
1.009226e-01
1.045501e-01
1.079920e-01
1.110547e-01
1.135426e-01
1.153745e-01
1.165803e-01
1.172345e-01
1.174928e-01
1.174624e-01
1.172125e-01
1.168042e-01
1.163828e-01
1.160188e-01
1.157342e-01
1.155124e-01
1.153125e-01
1.151035e-01
1.148483e-01
1.145462e-01
1.141966e-01
1.138329e-01
1.135481e-01
1.134248e-01
1.134878e-01
1.137243e-01
1.141123e-01
1.146314e-01
1.152594e-01
1.159753e-01
1.167617e-01
1.175951e-01
1.184522e-01
1.193167e-01
1.202163e-01
1.212999e-01
1.229355e-01
1.253923e-01
1.282821e-01
1.307345e-01
1.322305e-01
1.328127e-01
1.326198e-01
1.316613e-01
1.300341e-01
1.280781e-01
1.262596e-01
1.250195e-01
1.244801e-01
1.243588e-01
1.244109e-01
1.243198e-01
1.239671e-01
1.232412e-01
1.220427e-01
1.203348e-01
1.182542e-01
1.160512e-01
1.140259e-01
1.123866e-01
1.111498e-01
1.101134e-01
1.090585e-01
1.079414e-01
1.067490e-01
1.054263e-01
1.038093e-01
1.017774e-01
9.935911e-02
9.671191e-02
9.406434e-02
9.164334e-02
8.959672e-02
8.797720e-02
8.677215e-02
8.595661e-02
8.557098e-02
8.589109e-02
8.728401e-02
8.975302e-02
9.256892e-02
9.518244e-02
9.781542e-02
1.007348e-01
1.040654e-01
1.077422e-01
1.116732e-01
1.157508e-01
1.199154e-01
1.241421e-01
1.284378e-01
1.328512e-01
1.374902e-01
1.425407e-01
1.482255e-01
1.546349e-01
1.616270e-01
1.688537e-01
1.758056e-01
1.819403e-01
1.876026e-01
1.920642e-01
1.954991e-01
1.989013e-01
2.035202e-01
2.093794e-01
2.139409e-01
2.234148e-01
2.312425e-01
2.359011e-01
2.413088e-01
2.485766e-01
2.567384e-01
2.641356e-01
2.706839e-01
2.759648e-01
2.802068e-01
2.835833e-01
2.861283e-01
2.879761e-01
2.890812e-01
2.892910e-01
2.887446e-01
2.877034e-01
2.873382e-01
2.925542e-01
3.089234e-01
3.310288e-01
3.416514e-01
3.416921e-01
3.379033e-01
3.339325e-01
3.296425e-01
3.243935e-01
3.183113e-01
3.109156e-01
3.024097e-01
2.921578e-01
2.823592e-01
2.750422e-01
2.697048e-01
2.677927e-01
2.697824e-01
2.751719e-01
2.832808e-01
2.924100e-01
3.009488e-01
3.090922e-01
3.194488e-01
3.274375e-01
3.301362e-01
3.303654e-01
3.282937e-01
3.239100e-01
3.202923e-01
3.157372e-01
3.104294e-01
3.045513e-01
2.982538e-01
2.917106e-01
2.851065e-01
2.785647e-01
2.721066e-01
2.655722e-01
2.585520e-01
2.505439e-01
2.413035e-01
2.302697e-01
2.167787e-01
2.014463e-01
1.857502e-01
1.717789e-01
1.608408e-01
1.532947e-01
1.490027e-01
1.471742e-01
1.468574e-01
1.470038e-01
1.469157e-01
1.462108e-01
1.445702e-01
1.422201e-01
1.396300e-01
1.370460e-01
1.344692e-01
1.319103e-01
1.294083e-01
1.271890e-01
1.255567e-01
1.246073e-01
1.240752e-01
1.237933e-01
1.239536e-01
1.247017e-01
1.258511e-01
1.270263e-01
1.279383e-01
1.284658e-01
1.286971e-01
1.288361e-01
1.289770e-01
1.291604e-01
1.294618e-01
1.300054e-01
1.308803e-01
1.320923e-01
1.336000e-01
1.353503e-01
1.373082e-01
1.395044e-01
1.419799e-01
1.447756e-01
1.478239e-01
1.510124e-01
1.543308e-01
1.578289e-01
1.615210e-01
1.655466e-01
1.699639e-01
1.743486e-01
1.777112e-01
1.793504e-01
1.795753e-01
1.793086e-01
1.793207e-01
1.798833e-01
1.809811e-01
1.826002e-01
1.848665e-01
1.878897e-01
1.916719e-01
1.958450e-01
1.997302e-01
2.028882e-01
2.050611e-01
2.055825e-01
2.043427e-01
2.025637e-01
2.019909e-01
2.037232e-01
2.088211e-01
2.170685e-01
2.256741e-01
2.294102e-01
2.280207e-01
2.274579e-01
2.294875e-01
2.325423e-01
2.361998e-01
2.408815e-01
2.462913e-01
2.510291e-01
2.537065e-01
2.534522e-01
2.502281e-01
2.445713e-01
2.373400e-01
2.294357e-01
2.217859e-01
2.150610e-01
2.095866e-01
2.054783e-01
2.027266e-01
2.014672e-01
2.019117e-01
2.041591e-01
2.080862e-01
2.133600e-01
2.196303e-01
2.266905e-01
2.344814e-01
2.431379e-01
2.528066e-01
2.635507e-01
2.753654e-01
2.877899e-01
3.001831e-01
3.121146e-01
3.225888e-01
3.296160e-01
3.322953e-01
3.321990e-01
3.329027e-01
3.384810e-01
3.517001e-01
3.714561e-01
3.931160e-01
4.129420e-01
4.308362e-01
4.482236e-01
4.654560e-01
4.808436e-01
4.926276e-01
5.004846e-01
5.052593e-01
5.075906e-01
5.070371e-01
5.047129e-01
5.021407e-01
4.916101e-01
4.747024e-01
4.588485e-01
4.475279e-01
4.407738e-01
4.371987e-01
4.355112e-01
4.350216e-01
4.357178e-01
4.376528e-01
4.406443e-01
4.444031e-01
4.486896e-01
4.533061e-01
4.580456e-01
4.626105e-01
4.665542e-01
4.692722e-01
4.703886e-01
4.700060e-01
4.682606e-01
4.651772e-01
4.605896e-01
4.541411e-01
4.450136e-01
4.329248e-01
4.197427e-01
4.083627e-01
3.988295e-01
3.901017e-01
3.819362e-01
3.744915e-01
3.679155e-01
3.622054e-01
3.570735e-01
3.520974e-01
3.471351e-01
3.426021e-01
3.389821e-01
3.357557e-01
3.325634e-01
3.294630e-01
3.262622e-01
3.227854e-01
3.196973e-01
3.181311e-01
3.193024e-01
3.243400e-01
3.309953e-01
3.353819e-01
3.368337e-01
3.366154e-01
3.362448e-01
3.373309e-01
3.399373e-01
3.433090e-01
3.479359e-01
3.536520e-01
3.580517e-01
3.601005e-01
3.619034e-01
3.640673e-01
3.662786e-01
3.699647e-01
3.746020e-01
3.777372e-01
3.787905e-01
3.787614e-01
3.780792e-01
3.762510e-01
3.733581e-01
3.700596e-01
3.686924e-01
3.713702e-01
3.763009e-01
3.791638e-01
3.799852e-01
3.811701e-01
3.837578e-01
3.875048e-01
3.922364e-01
3.978528e-01
4.020018e-01
4.041364e-01
4.029734e-01
3.992654e-01
3.954962e-01
3.892163e-01
3.789825e-01
3.689416e-01
3.620856e-01
3.562002e-01
3.509992e-01
3.484887e-01
3.486379e-01
3.512748e-01
3.562839e-01
3.623042e-01
3.679206e-01
3.727760e-01
3.774429e-01
3.823972e-01
3.888799e-01
3.985955e-01
4.121066e-01
4.245554e-01
4.312662e-01
4.217741e-01
4.000715e-01
3.932863e-01
3.917421e-01
3.885602e-01
3.842298e-01
3.803774e-01
3.774540e-01
3.757231e-01
3.743291e-01
3.723630e-01
3.697257e-01
3.668299e-01
3.636134e-01
3.587105e-01
3.490233e-01
3.375869e-01
3.288809e-01
3.243731e-01
3.238688e-01
3.254283e-01
3.262355e-01
3.245083e-01
3.209506e-01
3.172451e-01
3.145081e-01
3.122813e-01
3.105161e-01
3.091936e-01
3.082577e-01
3.072764e-01
3.058628e-01
3.044249e-01
3.038308e-01
3.047808e-01
3.068809e-01
3.094748e-01
3.120384e-01
3.150541e-01
3.190160e-01
3.232647e-01
3.264415e-01
3.276783e-01
3.278235e-01
3.280547e-01
3.303096e-01
3.354861e-01
3.417627e-01
3.470884e-01
3.504127e-01
3.517462e-01
3.531481e-01
3.553194e-01
3.577532e-01
3.602345e-01
3.630370e-01
3.665941e-01
3.709669e-01
3.759033e-01
3.809745e-01
3.859239e-01
3.908608e-01
3.958389e-01
4.004510e-01
4.044423e-01
4.079870e-01
4.116975e-01
4.162301e-01
4.220863e-01
4.289474e-01
4.358651e-01
4.422377e-01
4.481831e-01
4.539227e-01
4.594302e-01
4.646304e-01
4.695084e-01
4.739698e-01
4.779013e-01
4.813321e-01
4.842609e-01
4.866648e-01
4.886410e-01
4.903787e-01
4.919962e-01
4.934425e-01
4.949506e-01
4.969755e-01
4.998199e-01
5.031457e-01
5.062258e-01
5.084193e-01
5.092895e-01
5.090759e-01
5.090963e-01
5.101243e-01
5.120406e-01
5.143890e-01
5.168654e-01
5.191443e-01
5.211523e-01
5.228405e-01
5.238992e-01
5.240761e-01
5.233582e-01
5.221518e-01
5.186895e-01
5.080022e-01
4.882942e-01
4.672770e-01
4.541588e-01
4.485693e-01
4.470706e-01
4.479751e-01
4.507494e-01
4.552095e-01
4.612700e-01
4.688276e-01
4.777549e-01
4.879425e-01
4.991766e-01
5.113344e-01
5.247007e-01
5.391393e-01
5.541290e-01
5.695304e-01
5.855007e-01
6.021655e-01
6.195040e-01
6.376223e-01
6.574651e-01
6.806132e-01
7.058241e-01
7.320401e-01
7.589088e-01
7.857450e-01
8.117958e-01
8.368628e-01
8.614631e-01
8.854398e-01
9.082247e-01
9.288327e-01
9.464008e-01
9.607442e-01
9.723358e-01
9.814501e-01
9.878382e-01
9.914119e-01
9.920024e-01
9.887952e-01
9.817060e-01
9.712259e-01
9.574885e-01
9.405566e-01
9.209498e-01
8.996337e-01
8.775500e-01
8.554039e-01
8.337039e-01
8.127619e-01
7.927408e-01
7.738916e-01
7.567151e-01
7.411667e-01
7.260896e-01
7.109752e-01
6.962704e-01
6.820348e-01
6.683192e-01
6.554593e-01
6.437210e-01
6.331727e-01
6.237900e-01
6.155065e-01
6.081479e-01
6.015019e-01
5.953498e-01
5.895716e-01
5.840022e-01
5.786695e-01
5.735868e-01
5.686991e-01
5.638459e-01
5.588049e-01
5.534677e-01
5.478183e-01
5.418740e-01
5.356228e-01
5.291214e-01
5.224599e-01
5.157165e-01
5.091082e-01
5.027778e-01
4.967249e-01
4.907656e-01
4.849104e-01
4.793212e-01
4.740103e-01
4.690458e-01
4.642768e-01
4.596450e-01
4.551208e-01
4.505121e-01
4.457989e-01
4.404792e-01
4.343937e-01
4.274599e-01
4.223099e-01
4.211760e-01
4.188388e-01
4.172323e-01
4.155014e-01
4.138475e-01
4.126198e-01
4.117340e-01
4.110367e-01
4.103845e-01
4.097520e-01
4.092360e-01
4.088914e-01
4.085922e-01
4.082503e-01
4.079160e-01
4.077182e-01
4.079144e-01
4.085266e-01
4.094459e-01
4.109123e-01
4.132874e-01
4.177645e-01
4.256272e-01
4.356032e-01
4.445707e-01
4.513472e-01
4.571789e-01
4.630579e-01
4.692941e-01
4.756375e-01
4.816249e-01
4.868514e-01
4.917305e-01
4.977558e-01
5.031733e-01
4.968336e-01
4.701440e-01
4.386312e-01
4.209657e-01
4.165237e-01
4.174509e-01
4.196115e-01
4.225635e-01
4.267579e-01
4.315935e-01
4.356781e-01
4.381910e-01
4.395751e-01
4.403479e-01
4.407865e-01
4.409427e-01
4.409161e-01
4.407246e-01
4.401651e-01
4.388964e-01
4.377712e-01
4.374961e-01
4.375153e-01
4.375754e-01
4.380091e-01
4.386982e-01
4.393711e-01
4.399661e-01
4.404883e-01
4.408780e-01
4.411969e-01
4.415341e-01
4.418581e-01
4.422754e-01
4.430263e-01
4.443103e-01
4.463746e-01
4.489690e-01
4.515448e-01
4.538340e-01
4.557494e-01
4.571856e-01
4.580529e-01
4.584044e-01
4.584806e-01
4.587265e-01
4.594223e-01
4.604954e-01
4.616745e-01
4.628015e-01
4.638168e-01
4.647921e-01
4.658038e-01
4.669166e-01
4.681694e-01
4.694320e-01
4.705316e-01
4.714731e-01
4.724016e-01
4.734385e-01
4.746588e-01
4.760483e-01
4.775749e-01
4.791543e-01
4.806567e-01
4.820523e-01
4.833147e-01
4.844688e-01
4.855560e-01
4.866335e-01
4.878030e-01
4.891035e-01
4.905963e-01
4.921921e-01
4.932030e-01
4.931967e-01
4.924659e-01
4.914486e-01
4.903132e-01
4.890896e-01
4.877306e-01
4.861965e-01
4.844785e-01
4.825321e-01
4.804301e-01
4.782551e-01
4.760905e-01
4.739991e-01
4.719909e-01
4.700932e-01
4.682859e-01
4.665772e-01
4.649620e-01
4.634544e-01
4.620468e-01
4.606879e-01
4.593238e-01
4.578524e-01
4.562740e-01
4.545807e-01
4.527809e-01
4.508644e-01
4.488439e-01
4.468253e-01
4.449059e-01
4.432407e-01
4.415097e-01
4.382729e-01
4.335376e-01
4.283377e-01
4.233619e-01
4.187861e-01
4.145148e-01
4.104160e-01
4.063886e-01
4.023723e-01
3.983829e-01
3.944009e-01
3.904221e-01
3.863803e-01
3.822735e-01
3.780432e-01
3.736475e-01
3.689356e-01
3.638390e-01
3.584002e-01
3.528499e-01
3.474887e-01
3.426452e-01
3.382499e-01
3.339561e-01
3.295504e-01
3.250190e-01
3.204234e-01
3.158221e-01
3.112815e-01
3.067920e-01
3.023780e-01
2.980462e-01
2.938234e-01
2.897968e-01
2.859772e-01
2.823092e-01
2.787023e-01
2.751291e-01
2.715868e-01
2.680923e-01
2.646390e-01
2.612310e-01
2.579167e-01
2.546921e-01
2.515528e-01
2.484206e-01
2.452141e-01
2.418967e-01
2.384043e-01
2.347915e-01
2.311451e-01
2.275180e-01
2.239922e-01
2.206634e-01
2.175814e-01
2.146671e-01
2.117849e-01
2.088570e-01
2.059202e-01
2.030593e-01
2.002738e-01
1.975728e-01
1.949773e-01
1.924923e-01
1.901103e-01
1.877970e-01
1.855278e-01
1.832931e-01
1.810949e-01
1.789730e-01
1.769453e-01
1.750239e-01
1.732388e-01
1.716173e-01
1.701582e-01
1.688115e-01
1.674969e-01
1.662153e-01
1.650038e-01
1.638880e-01
1.628963e-01
1.620466e-01
1.613464e-01
1.607821e-01
1.603280e-01
1.599822e-01
1.597670e-01
1.596867e-01
1.596292e-01
1.593768e-01
1.586905e-01
1.575484e-01
1.562919e-01
1.551294e-01
1.540918e-01
1.531850e-01
1.524016e-01
1.517331e-01
1.511771e-01
1.507332e-01
1.504051e-01
1.501741e-01
1.500025e-01
1.498545e-01
1.496968e-01
1.495124e-01
1.492843e-01
1.490220e-01
1.487939e-01
1.486731e-01
1.486712e-01
1.486751e-01
1.485798e-01
1.484633e-01
1.484870e-01
1.486440e-01
1.486386e-01
1.484198e-01
1.483366e-01
1.485380e-01
1.488750e-01
1.492297e-01
1.495759e-01
1.498577e-01
1.500365e-01
1.501234e-01
1.501369e-01
1.500996e-01
1.500309e-01
1.499324e-01
1.497838e-01
1.495484e-01
1.492209e-01
1.488545e-01
1.485366e-01
1.483818e-01
1.483994e-01
1.485624e-01
1.488782e-01
1.493097e-01
1.497530e-01
1.500993e-01
1.502947e-01
1.503552e-01
1.503313e-01
1.502708e-01
1.501713e-01
1.500374e-01
1.498862e-01
1.497380e-01
1.496002e-01
1.494694e-01
1.493433e-01
1.492275e-01
1.491419e-01
1.491274e-01
1.491827e-01
1.492840e-01
1.494018e-01
1.495244e-01
1.496388e-01
1.497468e-01
1.498908e-01
1.502579e-01
1.509820e-01
1.520320e-01
1.533528e-01
1.549549e-01
1.568491e-01
1.589624e-01
1.610788e-01
1.629503e-01
1.644173e-01
1.654454e-01
1.660553e-01
1.663248e-01
1.664163e-01
1.664707e-01
1.665154e-01
1.665358e-01
1.665378e-01
1.665256e-01
1.664834e-01
1.664050e-01
1.662874e-01
1.661353e-01
1.659673e-01
1.658259e-01
1.657877e-01
1.659685e-01
1.665859e-01
1.677044e-01
1.689579e-01
1.699733e-01
1.707007e-01
1.713729e-01
1.721186e-01
1.728326e-01
1.733306e-01
1.736138e-01
1.738671e-01
1.741229e-01
1.742735e-01
1.743516e-01
1.744431e-01
1.745192e-01
1.745046e-01
1.744154e-01
1.743040e-01
1.742201e-01
1.741898e-01
1.741853e-01
1.742239e-01
1.743532e-01
1.745260e-01
1.745710e-01
1.742899e-01
1.737917e-01
1.734080e-01
1.732575e-01
1.732905e-01
1.734765e-01
1.738004e-01
1.742334e-01
1.747495e-01
1.753108e-01
1.759071e-01
1.766209e-01
1.775437e-01
1.786913e-01
1.800484e-01
1.815943e-01
1.832720e-01
1.848815e-01
1.860492e-01
