# relative error [-]
5.000000e-02
6.073048e-02
8.517554e-02
9.537715e-02
9.695643e-02
9.799990e-02
1.036642e-01
1.089608e-01
1.105911e-01
1.114606e-01
1.145819e-01
1.189163e-01
1.219198e-01
1.231134e-01
1.239611e-01
1.258037e-01
1.284654e-01
1.308274e-01
1.321141e-01
1.324470e-01
1.325336e-01
1.329972e-01
1.339342e-01
1.349968e-01
1.357674e-01
1.360463e-01
1.359380e-01
1.357548e-01
1.358109e-01
1.362596e-01
1.371291e-01
1.383114e-01
1.396303e-01
1.409561e-01
1.422306e-01
1.434596e-01
1.447120e-01
1.460667e-01
1.475809e-01
1.492841e-01
1.511658e-01
1.531864e-01
1.552862e-01
1.574027e-01
1.594729e-01
1.614548e-01
1.633294e-01
1.650839e-01
1.667439e-01
1.683314e-01
1.698732e-01
1.713905e-01
1.728892e-01
1.743733e-01
1.758366e-01
1.772759e-01
1.786795e-01
1.800457e-01
1.813609e-01
1.826152e-01
1.837895e-01
1.848969e-01
1.859173e-01
1.868599e-01
1.877292e-01
1.885272e-01
1.892696e-01
1.899485e-01
1.905733e-01
1.911464e-01
1.916672e-01
1.921347e-01
1.925417e-01
1.928934e-01
1.931903e-01
1.934163e-01
1.935845e-01
1.936656e-01
1.936929e-01
1.936323e-01
1.934958e-01
1.932754e-01
1.929662e-01
1.925644e-01
1.920846e-01
1.914792e-01
1.908067e-01
1.900340e-01
1.891700e-01
1.882148e-01
1.871716e-01
1.860778e-01
1.849509e-01
1.837581e-01
1.825865e-01
1.813887e-01
1.802141e-01
1.790788e-01
1.780004e-01
1.769974e-01
1.760864e-01
1.752730e-01
1.745902e-01
1.740869e-01
1.736373e-01
1.734846e-01
1.733848e-01
1.734586e-01
1.738134e-01
1.743265e-01
1.750143e-01
1.759059e-01
1.770040e-01
1.782562e-01
1.796817e-01
1.815231e-01
1.844348e-01
1.872315e-01
1.903637e-01
1.933109e-01
1.967731e-01
2.000504e-01
2.037921e-01
2.079053e-01
2.120747e-01
2.165381e-01
2.212942e-01
2.263358e-01
2.317186e-01
2.374066e-01
2.432262e-01
2.477053e-01
2.297908e-01
1.926412e-01
1.749996e-01
1.497272e-01
1.378631e-01
1.211752e-01
1.140104e-01
1.041362e-01
1.003431e-01
9.519941e-02
9.332634e-02
9.169816e-02
8.951311e-02
8.812368e-02
8.655131e-02
8.481175e-02
8.303494e-02
8.115988e-02
7.930512e-02
7.756731e-02
7.602912e-02
7.470284e-02
7.369451e-02
7.303782e-02
7.274650e-02
7.281689e-02
7.270237e-02
7.333917e-02
7.425667e-02
7.541690e-02
7.678031e-02
7.830772e-02
7.996159e-02
8.170663e-02
8.350965e-02
8.533915e-02
8.716587e-02
8.896515e-02
9.072088e-02
9.242831e-02
9.409089e-02
9.570270e-02
9.721792e-02
9.853403e-02
9.950428e-02
9.998341e-02
9.992402e-02
9.934577e-02
9.832791e-02
9.678514e-02
9.481108e-02
9.463664e-02
9.203041e-02
8.937764e-02
8.672223e-02
8.406602e-02
8.140765e-02
8.015631e-02
7.745874e-02
7.483399e-02
7.232844e-02
6.999238e-02
6.787855e-02
6.683980e-02
6.523199e-02
6.401488e-02
6.324307e-02
6.332744e-02
6.348052e-02
6.418738e-02
6.545004e-02
6.729305e-02
6.955520e-02
7.228872e-02
7.543829e-02
7.897050e-02
8.281902e-02
8.726256e-02
9.176709e-02
9.650074e-02
1.028179e-01
1.083814e-01
1.170220e-01
1.237542e-01
1.356489e-01
1.438341e-01
1.524316e-01
1.696109e-01
1.799934e-01
2.018507e-01
2.142440e-01
2.411087e-01
2.720740e-01
2.885214e-01
3.116500e-01
3.073149e-01
3.007286e-01
2.941689e-01
2.876002e-01
2.814799e-01
2.753818e-01
2.694751e-01
2.639672e-01
2.584379e-01
2.534404e-01
2.484253e-01
2.438718e-01
2.392514e-01
2.349408e-01
2.309401e-01
2.266568e-01
2.228220e-01
2.196223e-01
2.164424e-01
2.133336e-01
2.106525e-01
2.079674e-01
2.053294e-01
2.028229e-01
2.004340e-01
1.982487e-01
1.961763e-01
1.941664e-01
1.922253e-01
1.903649e-01
1.885902e-01
1.869008e-01
1.852943e-01
1.837637e-01
1.823044e-01
1.809022e-01
1.795712e-01
1.783158e-01
1.771124e-01
1.759636e-01
1.748371e-01
1.737513e-01
1.727662e-01
1.718270e-01
1.708743e-01
1.699859e-01
1.691720e-01
1.683338e-01
1.675689e-01
1.668375e-01
1.661089e-01
1.654536e-01
1.647757e-01
1.641780e-01
1.635553e-01
1.630000e-01
1.624356e-01
1.619091e-01
1.614117e-01
1.608921e-01
1.604422e-01
1.599912e-01
1.595285e-01
1.591238e-01
1.587268e-01
1.583145e-01
1.579241e-01
1.575642e-01
1.572111e-01
1.568608e-01
1.565095e-01
1.561716e-01
1.558445e-01
1.555303e-01
1.552215e-01
1.549148e-01
1.546113e-01
1.543115e-01
1.540150e-01
1.537215e-01
1.534272e-01
1.531395e-01
1.528519e-01
1.525642e-01
1.522765e-01
1.519847e-01
1.516919e-01
1.514009e-01
1.511118e-01
1.508186e-01
1.505165e-01
1.502183e-01
1.499221e-01
1.496116e-01
1.493051e-01
1.489990e-01
1.486801e-01
1.483685e-01
1.480450e-01
1.477251e-01
1.473969e-01
1.470695e-01
1.467343e-01
1.464013e-01
1.460590e-01
1.457203e-01
1.453720e-01
1.450230e-01
1.446722e-01
1.443153e-01
1.439572e-01
1.435963e-01
1.432299e-01
1.428611e-01
1.424911e-01
1.421152e-01
1.417361e-01
1.413546e-01
1.409698e-01
1.405816e-01
1.401895e-01
1.397934e-01
1.393945e-01
1.389922e-01
1.385867e-01
1.381778e-01
1.377657e-01
1.373505e-01
1.369325e-01
1.365118e-01
1.360889e-01
1.356641e-01
1.352378e-01
1.348109e-01
1.343835e-01
1.339565e-01
1.335312e-01
1.331070e-01
1.326857e-01
1.322685e-01
1.318559e-01
1.314496e-01
1.310495e-01
1.306564e-01
1.302716e-01
1.298971e-01
1.295317e-01
1.291761e-01
1.288324e-01
1.285002e-01
1.281785e-01
1.278700e-01
1.275731e-01
1.272874e-01
1.270155e-01
1.267535e-01
1.265047e-01
1.262661e-01
1.260392e-01
1.258224e-01
1.256160e-01
1.254187e-01
1.252308e-01
1.250502e-01
1.248782e-01
1.247114e-01
1.245520e-01
1.243967e-01
1.242457e-01
1.240987e-01
1.239532e-01
1.238098e-01
1.236672e-01
1.235241e-01
1.233801e-01
1.232347e-01
1.230863e-01
1.229346e-01
1.227791e-01
1.226190e-01
1.224535e-01
1.222822e-01
1.221046e-01
1.219201e-01
1.217281e-01
1.215283e-01
1.213204e-01
1.211038e-01
1.208780e-01
1.206426e-01
1.203973e-01
1.201415e-01
1.198749e-01
1.195970e-01
1.193075e-01
1.190059e-01
1.186918e-01
1.183647e-01
1.180244e-01
1.176704e-01
1.173025e-01
1.169207e-01
1.165248e-01
1.161146e-01
1.156904e-01
1.152523e-01
1.148008e-01
1.143363e-01
1.138595e-01
1.133711e-01
1.128724e-01
1.123642e-01
1.118479e-01
1.113251e-01
1.107971e-01
1.102658e-01
1.097329e-01
1.092002e-01
1.086699e-01
1.081435e-01
1.076234e-01
1.071111e-01
1.066087e-01
1.061180e-01
1.056404e-01
1.051777e-01
1.047309e-01
1.043012e-01
1.038898e-01
1.034971e-01
1.031236e-01
1.027695e-01
1.024348e-01
1.021192e-01
1.018221e-01
1.015427e-01
1.012801e-01
1.010332e-01
1.008004e-01
1.005804e-01
1.003714e-01
1.001719e-01
9.998005e-02
9.979404e-02
9.961214e-02
9.943258e-02
9.925366e-02
9.907381e-02
9.889146e-02
9.870522e-02
9.851375e-02
9.831586e-02
9.811038e-02
9.789634e-02
9.767279e-02
9.743887e-02
9.719376e-02
9.693675e-02
9.666707e-02
9.638409e-02
9.608718e-02
9.577573e-02
9.544918e-02
9.510702e-02
9.474890e-02
9.437441e-02
9.398339e-02
9.357576e-02
9.315165e-02
9.271133e-02
9.225534e-02
9.178442e-02
9.129960e-02
9.080216e-02
9.029366e-02
8.977590e-02
8.925101e-02
8.872128e-02
8.818932e-02
8.765783e-02
8.712974e-02
8.660808e-02
8.609595e-02
8.559649e-02
8.511277e-02
8.464783e-02
8.420451e-02
8.378556e-02
8.339341e-02
8.303025e-02
8.269790e-02
8.239786e-02
8.213122e-02
8.189866e-02
8.170043e-02
8.153632e-02
8.140566e-02
8.130741e-02
8.124009e-02
8.120180e-02
8.119030e-02
8.120307e-02
8.123729e-02
8.128986e-02
8.135754e-02
8.143693e-02
8.152456e-02
8.161686e-02
8.171028e-02
8.180131e-02
8.188641e-02
8.196220e-02
8.202538e-02
8.207277e-02
8.210142e-02
8.210842e-02
8.209116e-02
8.204720e-02
8.197435e-02
8.187066e-02
8.173449e-02
8.156451e-02
8.135968e-02
8.111942e-02
8.084342e-02
8.053185e-02
8.018532e-02
7.980480e-02
7.939179e-02
7.894820e-02
7.847634e-02
7.797905e-02
7.745944e-02
7.692108e-02
7.636783e-02
7.580386e-02
7.523358e-02
7.466157e-02
7.409252e-02
7.353125e-02
7.298248e-02
7.245092e-02
7.194113e-02
7.145738e-02
7.100375e-02
7.058389e-02
7.020102e-02
6.985793e-02
6.955677e-02
6.929917e-02
6.908610e-02
6.891786e-02
6.879410e-02
6.871382e-02
6.867531e-02
6.867630e-02
6.871393e-02
6.878481e-02
6.888510e-02
6.901059e-02
6.915675e-02
6.931884e-02
6.949196e-02
6.967116e-02
6.985147e-02
7.002799e-02
7.019593e-02
7.035070e-02
7.048787e-02
7.060329e-02
7.069306e-02
7.075357e-02
7.078155e-02
7.077404e-02
7.072845e-02
7.064259e-02
7.051467e-02
7.034333e-02
7.012771e-02
6.986748e-02
6.956280e-02
6.921448e-02
6.882387e-02
6.839299e-02
6.792450e-02
6.742167e-02
6.688845e-02
6.632935e-02
6.574948e-02
6.515448e-02
6.455042e-02
6.394377e-02
6.334129e-02
6.274992e-02
6.217666e-02
6.162847e-02
6.111213e-02
6.063411e-02
6.020038e-02
5.981638e-02
5.948679e-02
5.921547e-02
5.900534e-02
5.885831e-02
5.877520e-02
5.875575e-02
5.879856e-02
5.890119e-02
5.906017e-02
5.927108e-02
5.952868e-02
5.982699e-02
6.015944e-02
6.051903e-02
6.089835e-02
6.128982e-02
6.168579e-02
6.207864e-02
6.246089e-02
6.282528e-02
6.316490e-02
6.347322e-02
6.374421e-02
6.397236e-02
6.415277e-02
6.428116e-02
6.435399e-02
6.436841e-02
6.432237e-02
6.421461e-02
6.404467e-02
6.381296e-02
6.352068e-02
6.316991e-02
6.276349e-02
6.230511e-02
6.179920e-02
6.125090e-02
6.066603e-02
6.005104e-02
5.941288e-02
5.875900e-02
5.809720e-02
5.743558e-02
5.678241e-02
5.614602e-02
5.553465e-02
5.495638e-02
5.441889e-02
5.392939e-02
5.349443e-02
5.311973e-02
5.281008e-02
5.256916e-02
5.239946e-02
5.230221e-02
5.227727e-02
5.232321e-02
5.243726e-02
5.261538e-02
5.285241e-02
5.314213e-02
5.347742e-02
5.385045e-02
5.425280e-02
5.467562e-02
5.510983e-02
5.554625e-02
5.597572e-02
5.638926e-02
5.677819e-02
5.713420e-02
5.744950e-02
5.771688e-02
5.792979e-02
5.808244e-02
5.816987e-02
5.818800e-02
5.813368e-02
5.800480e-02
5.780027e-02
5.752010e-02
5.716542e-02
5.673850e-02
5.624273e-02
5.568266e-02
5.506393e-02
5.439327e-02
5.367842e-02
5.292811e-02
5.215193e-02
5.136025e-02
5.056409e-02
5.000000e-02
5.000000e-02
5.000000e-02
5.000000e-02
5.000000e-02
5.000000e-02
5.000000e-02
5.000000e-02
5.000000e-02
5.000000e-02
5.000000e-02
5.000000e-02
5.000000e-02
5.000000e-02
5.000000e-02
5.000000e-02
5.000000e-02
5.000000e-02
5.000000e-02
5.000000e-02
5.000000e-02
5.000000e-02
5.000000e-02
5.000000e-02
5.040367e-02
5.093284e-02
5.141723e-02
5.184735e-02
5.221469e-02
5.251180e-02
5.273232e-02
5.287110e-02
5.292415e-02
5.288878e-02
5.276352e-02
5.254820e-02
5.224391e-02
5.185301e-02
5.137911e-02
5.082703e-02
5.020274e-02
5.000000e-02
5.000000e-02
5.000000e-02
5.000000e-02
5.000000e-02
5.000000e-02
5.000000e-02
5.000000e-02
5.000000e-02
5.000000e-02
5.000000e-02
5.000000e-02
5.000000e-02
5.000000e-02
5.000000e-02
5.000000e-02
5.000000e-02
5.000000e-02
5.000000e-02
5.000000e-02
5.000000e-02
5.000000e-02
5.000000e-02
5.000000e-02
5.000000e-02
5.000000e-02
5.000000e-02
5.000000e-02
5.000000e-02
5.000000e-02
5.000000e-02
5.000000e-02
5.000000e-02
5.000000e-02
5.000000e-02
5.000000e-02
5.000000e-02
5.000000e-02
5.000000e-02
5.000000e-02
5.000000e-02
5.000000e-02
5.000000e-02
5.000000e-02
5.000000e-02
5.000000e-02
5.000000e-02
5.000000e-02
5.000000e-02
5.000000e-02
5.000000e-02
5.000000e-02
5.000000e-02
5.000000e-02
5.000000e-02
5.000000e-02
5.000000e-02
5.000000e-02
5.000000e-02
5.000000e-02
5.000000e-02
5.000000e-02
5.000000e-02
5.000000e-02
5.000000e-02
5.000000e-02
5.000000e-02
5.000000e-02
5.000000e-02
5.000000e-02
5.000000e-02
5.000000e-02
5.000000e-02
5.000000e-02
5.000000e-02
5.000000e-02
5.000000e-02
5.000000e-02
5.000000e-02
5.000000e-02
5.000000e-02
5.000000e-02
5.000000e-02
5.000000e-02
5.000000e-02
5.000000e-02
5.000000e-02
5.000000e-02
5.000000e-02
5.000000e-02
5.000000e-02
5.000000e-02
5.000000e-02
5.000000e-02
5.000000e-02
5.000000e-02
5.000000e-02
5.000000e-02
5.000000e-02
5.000000e-02
5.000000e-02
5.000000e-02
5.000000e-02
5.000000e-02
5.000000e-02
5.000000e-02
5.000000e-02
5.000000e-02
5.000000e-02
5.000000e-02
5.000000e-02
5.000000e-02
5.000000e-02
5.000000e-02
5.000000e-02
5.000000e-02
5.000000e-02
5.000000e-02
5.000000e-02
5.000000e-02
5.000000e-02
5.000000e-02
5.000000e-02
5.000000e-02
5.000000e-02
5.000000e-02
5.000000e-02
5.000000e-02
5.000000e-02
5.000000e-02
5.000000e-02
5.000000e-02
5.000000e-02
5.000000e-02
5.000000e-02
5.000000e-02
5.000000e-02
5.000000e-02
5.000000e-02
5.000000e-02
5.000000e-02
5.000000e-02
5.000000e-02
5.000000e-02
5.000000e-02
5.000000e-02
5.000000e-02
5.000000e-02
5.000000e-02
5.000000e-02
5.000000e-02
5.000000e-02
5.000000e-02
5.000000e-02
5.000000e-02
5.000000e-02
5.000000e-02
5.000000e-02
5.000000e-02
5.000000e-02
5.000000e-02
5.000000e-02
5.000000e-02
5.000000e-02
5.000000e-02
5.000000e-02
5.000000e-02
5.000000e-02
5.000000e-02
5.000000e-02
5.000000e-02
5.000000e-02
5.000000e-02
5.000000e-02
5.000000e-02
5.000000e-02
5.000000e-02
5.000000e-02
5.000000e-02
5.000000e-02
5.000000e-02
5.000000e-02
5.000000e-02
5.000000e-02
5.000000e-02
5.000000e-02
5.000000e-02
5.000000e-02
5.000000e-02
5.000000e-02
5.000000e-02
5.000000e-02
5.000000e-02
5.000000e-02
5.000000e-02
5.000000e-02
5.000000e-02
5.000000e-02
5.000000e-02
5.000000e-02
5.000000e-02
5.000000e-02
5.000000e-02
5.000000e-02
5.000000e-02
5.000000e-02
5.000000e-02
5.000000e-02
5.000000e-02
5.000000e-02
5.000000e-02
5.000000e-02
5.000000e-02
5.000000e-02
5.000000e-02
5.000000e-02
5.000000e-02
5.000000e-02
5.000000e-02
5.000000e-02
5.000000e-02
5.000000e-02
5.000000e-02
5.000000e-02
5.000000e-02
5.000000e-02
5.000000e-02
5.000000e-02
5.000000e-02
5.000000e-02
5.000000e-02
5.000000e-02
5.000000e-02
5.000000e-02
5.000000e-02
5.000000e-02
5.000000e-02
5.000000e-02
5.000000e-02
5.000000e-02
5.000000e-02
5.000000e-02
5.000000e-02
5.000000e-02
5.000000e-02
5.000000e-02
5.000000e-02
5.000000e-02
5.000000e-02
5.000000e-02
5.000000e-02
5.000000e-02
5.000000e-02
5.000000e-02
5.000000e-02
5.000000e-02
5.000000e-02
5.000000e-02
5.000000e-02
5.000000e-02
5.000000e-02
5.000000e-02
5.000000e-02
