# radius [cm]
2.279395e+14
2.350250e+14
2.421104e+14
2.491959e+14
2.562813e+14
2.633668e+14
2.704522e+14
2.775377e+14
2.846231e+14
2.917085e+14
2.987940e+14
3.058794e+14
3.129649e+14
3.200503e+14
3.271358e+14
3.342212e+14
3.413067e+14
3.483921e+14
3.554776e+14
3.625630e+14
3.696484e+14
3.767339e+14
3.838193e+14
3.909048e+14
3.979902e+14
4.050757e+14
4.121611e+14
4.192466e+14
4.263320e+14
4.334175e+14
4.405029e+14
4.475884e+14
4.546738e+14
4.617592e+14
4.688447e+14
4.759301e+14
4.830156e+14
4.901010e+14
4.971865e+14
5.042719e+14
5.113574e+14
5.184428e+14
5.255283e+14
5.326137e+14
5.396992e+14
5.467846e+14
5.538700e+14
5.609555e+14
5.680409e+14
5.751264e+14
5.822118e+14
5.892973e+14
5.963827e+14
6.034682e+14
6.105536e+14
6.176391e+14
6.247245e+14
6.318100e+14
6.388954e+14
6.459808e+14
6.530663e+14
6.601517e+14
6.672372e+14
6.743226e+14
6.814081e+14
6.884935e+14
6.955790e+14
7.026644e+14
7.097499e+14
7.168353e+14
7.239208e+14
7.310062e+14
7.380916e+14
7.451771e+14
7.522625e+14
7.593480e+14
7.664334e+14
7.735189e+14
7.806043e+14
7.876898e+14
7.947752e+14
8.018607e+14
8.089461e+14
8.160315e+14
8.231170e+14
8.302024e+14
8.372879e+14
8.443733e+14
8.514588e+14
8.585442e+14
8.656297e+14
8.727151e+14
8.798006e+14
8.868860e+14
8.939715e+14
9.010569e+14
9.081423e+14
9.152278e+14
9.223132e+14
9.293987e+14
9.364841e+14
9.435696e+14
9.506550e+14
9.577405e+14
9.648259e+14
9.719114e+14
9.789968e+14
9.860823e+14
9.931677e+14
1.000253e+15
1.007339e+15
1.014424e+15
1.021509e+15
1.028595e+15
1.035680e+15
1.042766e+15
1.049851e+15
1.056937e+15
1.064022e+15
1.071108e+15
1.078193e+15
1.085278e+15
1.092364e+15
1.099449e+15
1.106535e+15
1.113620e+15
1.120706e+15
1.127791e+15
1.134877e+15
1.141962e+15
1.149048e+15
1.156133e+15
1.163218e+15
1.170304e+15
1.177389e+15
1.184475e+15
1.191560e+15
1.198646e+15
1.205731e+15
1.212817e+15
1.219902e+15
1.226987e+15
1.234073e+15
1.241158e+15
1.248244e+15
1.255329e+15
1.262415e+15
1.269500e+15
1.276586e+15
1.283671e+15
1.290756e+15
1.297842e+15
1.304927e+15
1.312013e+15
1.319098e+15
1.326184e+15
1.333269e+15
1.340355e+15
1.347440e+15
1.354525e+15
1.361611e+15
1.368696e+15
1.375782e+15
1.382867e+15
1.389953e+15
1.397038e+15
1.404124e+15
1.411209e+15
1.418294e+15
1.425380e+15
1.432465e+15
1.439551e+15
1.446636e+15
1.453722e+15
1.460807e+15
1.467893e+15
1.474978e+15
1.482063e+15
1.489149e+15
1.496234e+15
1.503320e+15
1.510405e+15
1.517491e+15
1.524576e+15
1.531662e+15
1.538747e+15
1.545832e+15
1.552918e+15
1.560003e+15
1.567089e+15
1.574174e+15
1.581260e+15
1.588345e+15
1.595431e+15
1.602516e+15
1.609602e+15
1.616687e+15
1.623772e+15
1.630858e+15
1.637943e+15
1.645029e+15
1.652114e+15
1.659200e+15
1.666285e+15
1.673371e+15
1.680456e+15
1.687541e+15
1.694627e+15
1.701712e+15
1.708798e+15
1.715883e+15
1.722969e+15
1.730054e+15
1.737140e+15
1.744225e+15
1.751310e+15
1.758396e+15
1.765481e+15
1.772567e+15
1.779652e+15
1.786738e+15
1.793823e+15
1.800909e+15
1.807994e+15
1.815079e+15
1.822165e+15
1.829250e+15
1.836336e+15
1.843421e+15
1.850507e+15
1.857592e+15
1.864678e+15
1.871763e+15
1.878848e+15
1.885934e+15
1.893019e+15
1.900105e+15
1.907190e+15
1.914276e+15
1.921361e+15
1.928447e+15
1.935532e+15
1.942617e+15
1.949703e+15
1.956788e+15
1.963874e+15
1.970959e+15
1.978045e+15
1.985130e+15
1.992216e+15
1.999301e+15
2.006386e+15
2.013472e+15
2.020557e+15
2.027643e+15
2.034728e+15
2.041814e+15
2.048899e+15
2.055985e+15
2.063070e+15
2.070155e+15
2.077241e+15
2.084326e+15
2.091412e+15
2.098497e+15
2.105583e+15
2.112668e+15
2.119754e+15
2.126839e+15
2.133925e+15
2.141010e+15
2.148095e+15
2.155181e+15
2.162266e+15
2.169352e+15
2.176437e+15
2.183523e+15
2.190608e+15
2.197694e+15
2.204779e+15
2.211864e+15
2.218950e+15
2.226035e+15
2.233121e+15
2.240206e+15
2.247292e+15
2.254377e+15
2.261463e+15
2.268548e+15
2.275633e+15
2.282719e+15
2.289804e+15
2.296890e+15
2.303975e+15
2.311061e+15
2.318146e+15
2.325232e+15
2.332317e+15
2.339402e+15
2.346488e+15
2.353573e+15
2.360659e+15
2.367744e+15
2.374830e+15
2.381915e+15
2.389001e+15
2.396086e+15
2.403171e+15
2.410257e+15
2.417342e+15
2.424428e+15
2.431513e+15
2.438599e+15
2.445684e+15
2.452770e+15
2.459855e+15
2.466940e+15
2.474026e+15
2.481111e+15
2.488197e+15
2.495282e+15
2.502368e+15
2.509453e+15
2.516539e+15
2.523624e+15
2.530709e+15
2.537795e+15
2.544880e+15
2.551966e+15
2.559051e+15
2.566137e+15
2.573222e+15
2.580308e+15
2.587393e+15
2.594479e+15
2.601564e+15
2.608649e+15
2.615735e+15
2.622820e+15
2.629906e+15
2.636991e+15
2.644077e+15
2.651162e+15
2.658248e+15
2.665333e+15
2.672418e+15
2.679504e+15
2.686589e+15
2.693675e+15
2.700760e+15
2.707846e+15
2.714931e+15
2.722017e+15
2.729102e+15
2.736187e+15
2.743273e+15
2.750358e+15
2.757444e+15
2.764529e+15
2.771615e+15
2.778700e+15
2.785786e+15
2.792871e+15
2.799956e+15
2.807042e+15
2.814127e+15
2.821213e+15
2.828298e+15
2.835384e+15
2.842469e+15
2.849555e+15
2.856640e+15
2.863725e+15
2.870811e+15
2.877896e+15
2.884982e+15
2.892067e+15
2.899153e+15
2.906238e+15
2.913324e+15
2.920409e+15
2.927494e+15
2.934580e+15
2.941665e+15
2.948751e+15
2.955836e+15
2.962922e+15
2.970007e+15
2.977093e+15
2.984178e+15
2.991263e+15
2.998349e+15
3.005434e+15
3.012520e+15
3.019605e+15
3.026691e+15
3.033776e+15
3.040862e+15
3.047947e+15
3.055032e+15
3.062118e+15
3.069203e+15
3.076289e+15
3.083374e+15
3.090460e+15
3.097545e+15
3.104631e+15
3.111716e+15
3.118802e+15
3.125887e+15
3.132972e+15
3.140058e+15
3.147143e+15
3.154229e+15
3.161314e+15
3.168400e+15
3.175485e+15
3.182571e+15
3.189656e+15
3.196741e+15
3.203827e+15
3.210912e+15
3.217998e+15
3.225083e+15
3.232169e+15
3.239254e+15
3.246340e+15
3.253425e+15
3.260510e+15
3.267596e+15
3.274681e+15
3.281767e+15
3.288852e+15
3.295938e+15
3.303023e+15
3.310109e+15
3.317194e+15
3.324279e+15
3.331365e+15
3.338450e+15
3.345536e+15
3.352621e+15
3.359707e+15
3.366792e+15
3.373878e+15
3.380963e+15
3.388048e+15
3.395134e+15
3.402219e+15
3.409305e+15
3.416390e+15
3.423476e+15
3.430561e+15
3.437647e+15
3.444732e+15
3.451817e+15
3.458903e+15
3.465988e+15
3.473074e+15
3.480159e+15
3.487245e+15
3.494330e+15
3.501416e+15
3.508501e+15
3.515586e+15
3.522672e+15
3.529757e+15
3.536843e+15
3.543928e+15
3.551014e+15
3.558099e+15
3.565185e+15
3.572270e+15
3.579355e+15
3.586441e+15
3.593526e+15
3.600612e+15
3.607697e+15
3.614783e+15
3.621868e+15
3.628954e+15
3.636039e+15
3.643125e+15
3.650210e+15
3.657295e+15
3.664381e+15
3.671466e+15
3.678552e+15
3.685637e+15
3.692723e+15
3.699808e+15
3.706894e+15
3.713979e+15
3.721064e+15
3.728150e+15
3.735235e+15
3.742321e+15
3.749406e+15
3.756492e+15
3.763577e+15
3.770663e+15
3.777748e+15
3.784833e+15
3.791919e+15
3.799004e+15
3.806090e+15
3.813175e+15
3.820261e+15
3.827346e+15
3.834432e+15
3.841517e+15
3.848602e+15
3.855688e+15
3.862773e+15
3.869859e+15
3.876944e+15
3.884030e+15
3.891115e+15
3.898201e+15
3.905286e+15
3.912371e+15
3.919457e+15
3.926542e+15
3.933628e+15
3.940713e+15
3.947799e+15
3.954884e+15
3.961970e+15
3.969055e+15
3.976140e+15
3.983226e+15
3.990311e+15
3.997397e+15
4.004482e+15
4.011568e+15
4.018653e+15
4.025739e+15
4.032824e+15
4.039909e+15
4.046995e+15
4.054080e+15
4.061166e+15
4.068251e+15
4.075337e+15
4.082422e+15
4.089508e+15
4.096593e+15
4.103679e+15
4.110764e+15
4.117849e+15
4.124935e+15
4.132020e+15
4.139106e+15
4.146191e+15
4.153277e+15
4.160362e+15
4.167448e+15
4.174533e+15
4.181618e+15
4.188704e+15
4.195789e+15
4.202875e+15
4.209960e+15
4.217046e+15
4.224131e+15
4.231217e+15
4.238302e+15
4.245387e+15
4.252473e+15
4.259558e+15
4.266644e+15
4.273729e+15
4.280815e+15
4.287900e+15
4.294986e+15
4.302071e+15
4.309156e+15
4.316242e+15
4.323327e+15
4.330413e+15
4.337498e+15
4.344584e+15
4.351669e+15
4.358755e+15
4.365840e+15
4.372925e+15
4.380011e+15
4.387096e+15
4.394182e+15
4.401267e+15
4.408353e+15
4.415438e+15
4.422524e+15
4.429609e+15
4.436694e+15
4.443780e+15
4.450865e+15
4.457951e+15
4.465036e+15
4.472122e+15
4.479207e+15
4.486293e+15
4.493378e+15
4.500463e+15
4.507549e+15
4.514634e+15
4.521720e+15
4.528805e+15
4.535891e+15
4.542976e+15
4.550062e+15
4.557147e+15
4.564232e+15
4.571318e+15
4.578403e+15
4.585489e+15
4.592574e+15
4.599660e+15
4.606745e+15
4.613831e+15
4.620916e+15
4.628002e+15
4.635087e+15
4.642172e+15
4.649258e+15
4.656343e+15
4.663429e+15
4.670514e+15
4.677600e+15
4.684685e+15
4.691771e+15
4.698856e+15
4.705941e+15
4.713027e+15
4.720112e+15
4.727198e+15
4.734283e+15
4.741369e+15
4.748454e+15
4.755540e+15
4.762625e+15
4.769710e+15
4.776796e+15
4.783881e+15
4.790967e+15
4.798052e+15
4.805138e+15
4.812223e+15
4.819309e+15
4.826394e+15
4.833479e+15
4.840565e+15
4.847650e+15
4.854736e+15
4.861821e+15
4.868907e+15
4.875992e+15
4.883078e+15
4.890163e+15
4.897248e+15
4.904334e+15
4.911419e+15
4.918505e+15
4.925590e+15
4.932676e+15
4.939761e+15
4.946847e+15
4.953932e+15
4.961017e+15
4.968103e+15
4.975188e+15
4.982274e+15
4.989359e+15
4.996445e+15
5.003530e+15
5.010616e+15
5.017701e+15
5.024786e+15
5.031872e+15
5.038957e+15
5.046043e+15
5.053128e+15
5.060214e+15
5.067299e+15
5.074385e+15
5.081470e+15
5.088556e+15
5.095641e+15
5.102726e+15
5.109812e+15
5.116897e+15
5.123983e+15
5.131068e+15
5.138154e+15
5.145239e+15
5.152325e+15
5.159410e+15
5.166495e+15
5.173581e+15
5.180666e+15
5.187752e+15
5.194837e+15
5.201923e+15
5.209008e+15
5.216094e+15
5.223179e+15
5.230264e+15
5.237350e+15
5.244435e+15
5.251521e+15
5.258606e+15
5.265692e+15
5.272777e+15
5.279863e+15
5.286948e+15
5.294033e+15
5.301119e+15
5.308204e+15
5.315290e+15
5.322375e+15
5.329461e+15
5.336546e+15
5.343632e+15
5.350717e+15
5.357802e+15
5.364888e+15
5.371973e+15
5.379059e+15
5.386144e+15
5.393230e+15
5.400315e+15
5.407401e+15
5.414486e+15
5.421571e+15
5.428657e+15
5.435742e+15
5.442828e+15
5.449913e+15
5.456999e+15
5.464084e+15
5.471170e+15
5.478255e+15
5.485340e+15
5.492426e+15
5.499511e+15
5.506597e+15
5.513682e+15
5.520768e+15
5.527853e+15
5.534939e+15
5.542024e+15
5.549109e+15
5.556195e+15
5.563280e+15
5.570366e+15
5.577451e+15
5.584537e+15
5.591622e+15
5.598708e+15
5.605793e+15
5.612879e+15
5.619964e+15
5.627049e+15
5.634135e+15
5.641220e+15
5.648306e+15
5.655391e+15
5.662477e+15
5.669562e+15
5.676648e+15
5.683733e+15
5.690818e+15
5.697904e+15
5.704989e+15
5.712075e+15
5.719160e+15
5.726246e+15
5.733331e+15
5.740417e+15
5.747502e+15
5.754587e+15
5.761673e+15
5.768758e+15
5.775844e+15
5.782929e+15
5.790015e+15
5.797100e+15
5.804186e+15
5.811271e+15
5.818356e+15
5.825442e+15
5.832527e+15
5.839613e+15
5.846698e+15
5.853784e+15
5.860869e+15
5.867955e+15
5.875040e+15
5.882125e+15
5.889211e+15
5.896296e+15
5.903382e+15
5.910467e+15
5.917553e+15
5.924638e+15
5.931724e+15
5.938809e+15
5.945894e+15
5.952980e+15
5.960065e+15
5.967151e+15
5.974236e+15
5.981322e+15
5.988407e+15
5.995493e+15
6.002578e+15
6.009663e+15
6.016749e+15
6.023834e+15
6.030920e+15
6.038005e+15
6.045091e+15
6.052176e+15
6.059262e+15
6.066347e+15
6.073432e+15
6.080518e+15
6.087603e+15
6.094689e+15
6.101774e+15
6.108860e+15
6.115945e+15
6.123031e+15
6.130116e+15
6.137202e+15
6.144287e+15
6.151372e+15
6.158458e+15
6.165543e+15
6.172629e+15
6.179714e+15
6.186800e+15
6.193885e+15
6.200971e+15
6.208056e+15
6.215141e+15
6.222227e+15
6.229312e+15
6.236398e+15
6.243483e+15
6.250569e+15
6.257654e+15
6.264740e+15
6.271825e+15
6.278910e+15
6.285996e+15
6.293081e+15
6.300167e+15
6.307252e+15
6.314338e+15
6.321423e+15
6.328509e+15
6.335594e+15
6.342679e+15
6.349765e+15
6.356850e+15
6.363936e+15
6.371021e+15
6.378107e+15
6.385192e+15
6.392278e+15
6.399363e+15
6.406448e+15
6.413534e+15
6.420619e+15
6.427705e+15
6.434790e+15
6.441876e+15
6.448961e+15
6.456047e+15
6.463132e+15
6.470217e+15
6.477303e+15
6.484388e+15
6.491474e+15
6.498559e+15
6.505645e+15
6.512730e+15
6.519816e+15
6.526901e+15
6.533986e+15
6.541072e+15
6.548157e+15
6.555243e+15
6.562328e+15
6.569414e+15
6.576499e+15
6.583585e+15
6.590670e+15
6.597756e+15
6.604841e+15
6.611926e+15
6.619012e+15
6.626097e+15
6.633183e+15
6.640268e+15
6.647354e+15
6.654439e+15
6.661525e+15
6.668610e+15
6.675695e+15
6.682781e+15
6.689866e+15
6.696952e+15
6.704037e+15
6.711123e+15
6.718208e+15
6.725294e+15
6.732379e+15
6.739464e+15
6.746550e+15
6.753635e+15
6.760721e+15
6.767806e+15
6.774892e+15
6.781977e+15
6.789063e+15
6.796148e+15
6.803233e+15
6.810319e+15
6.817404e+15
6.824490e+15
6.831575e+15
6.838661e+15
6.845746e+15
6.852832e+15
6.859917e+15
6.867002e+15
6.874088e+15
6.881173e+15
6.888259e+15
6.895344e+15
6.902430e+15
6.909515e+15
6.916601e+15
6.923686e+15
6.930771e+15
6.937857e+15
6.944942e+15
6.952028e+15
6.959113e+15
6.966199e+15
6.973284e+15
6.980370e+15
6.987455e+15
6.994540e+15
7.001626e+15
7.008711e+15
7.015797e+15
7.022882e+15
7.029968e+15
7.037053e+15
7.044139e+15
7.051224e+15
7.058309e+15
7.065395e+15
7.072480e+15
7.079566e+15
7.086651e+15
7.093737e+15
7.100822e+15
7.107908e+15
7.114993e+15
7.122079e+15
7.129164e+15
7.136249e+15
7.143335e+15
7.150420e+15
7.157506e+15
7.164591e+15
7.171677e+15
7.178762e+15
7.185848e+15
7.192933e+15
7.200018e+15
7.207104e+15
7.214189e+15
7.221275e+15
7.228360e+15
7.235446e+15
7.242531e+15
7.249617e+15
7.256702e+15
7.263787e+15
7.270873e+15
7.277958e+15
7.285044e+15
7.292129e+15
7.299215e+15
7.306300e+15
7.313386e+15
7.320471e+15
7.327556e+15
7.334642e+15
7.341727e+15
7.348813e+15
7.355898e+15
7.362984e+15
7.370069e+15
7.377155e+15
7.384240e+15
7.391325e+15
7.398411e+15
7.405496e+15
7.412582e+15
7.419667e+15
7.426753e+15
7.433838e+15
7.440924e+15
7.448009e+15
7.455094e+15
7.462180e+15
7.469265e+15
7.476351e+15
