# relative error [-]
5.000000e-02
5.000000e-02
5.716176e-02
6.183426e-02
6.067571e-02
5.990817e-02
6.284561e-02
6.459349e-02
6.392470e-02
6.364439e-02
6.549587e-02
6.817311e-02
6.950170e-02
6.978957e-02
7.069356e-02
7.266456e-02
7.502838e-02
7.681351e-02
7.741086e-02
7.715521e-02
7.685865e-02
7.692692e-02
7.709070e-02
7.686196e-02
7.600369e-02
7.458166e-02
7.285639e-02
7.118642e-02
6.985431e-02
6.893224e-02
6.830043e-02
6.776943e-02
6.720533e-02
6.659285e-02
6.601578e-02
6.558007e-02
6.536869e-02
6.541569e-02
6.574660e-02
6.636008e-02
6.721528e-02
6.824707e-02
6.939503e-02
7.062111e-02
7.192429e-02
7.331958e-02
7.484498e-02
7.653320e-02
7.840150e-02
8.046389e-02
8.271676e-02
8.514408e-02
8.771116e-02
9.036515e-02
9.303920e-02
9.567884e-02
9.822809e-02
1.006288e-01
1.028248e-01
1.047667e-01
1.064047e-01
1.077044e-01
1.086448e-01
1.092111e-01
1.094031e-01
1.092282e-01
1.087032e-01
1.078546e-01
1.066829e-01
1.051972e-01
1.034451e-01
1.014741e-01
9.932075e-02
9.703691e-02
9.466554e-02
9.224921e-02
8.982217e-02
8.741766e-02
8.506060e-02
8.276944e-02
8.055751e-02
7.843110e-02
7.639957e-02
7.446194e-02
7.261717e-02
7.086072e-02
6.919597e-02
6.762313e-02
6.612596e-02
6.471912e-02
6.339814e-02
6.216281e-02
6.101693e-02
5.995484e-02
5.897620e-02
5.809632e-02
5.729418e-02
5.658551e-02
5.595281e-02
5.540770e-02
5.494563e-02
5.456490e-02
5.426769e-02
5.405174e-02
5.392033e-02
5.387457e-02
5.390475e-02
5.401762e-02
5.422280e-02
5.452369e-02
5.492507e-02
5.543067e-02
5.604367e-02
5.676869e-02
5.761416e-02
5.858264e-02
5.965024e-02
6.083495e-02
6.212936e-02
6.351676e-02
6.500231e-02
6.659032e-02
6.827949e-02
7.007354e-02
7.198717e-02
7.396268e-02
7.604948e-02
7.825510e-02
8.050204e-02
8.288262e-02
8.527476e-02
8.778406e-02
9.034379e-02
9.294722e-02
9.555444e-02
9.816225e-02
1.012075e-01
1.037348e-01
1.060604e-01
1.081104e-01
1.093042e-01
1.031386e-01
9.135102e-02
8.096723e-02
7.162353e-02
6.342666e-02
5.929591e-02
5.262671e-02
5.000000e-02
5.000000e-02
5.000000e-02
5.000000e-02
5.000000e-02
5.000000e-02
5.000000e-02
5.000000e-02
5.000000e-02
5.000000e-02
5.000000e-02
5.000000e-02
5.000000e-02
5.000000e-02
5.000000e-02
5.000000e-02
5.000000e-02
5.000000e-02
5.139670e-02
5.583791e-02
6.014661e-02
6.425460e-02
6.810436e-02
7.158465e-02
7.475708e-02
7.752826e-02
7.986363e-02
8.173290e-02
8.311636e-02
8.400589e-02
8.439988e-02
8.441683e-02
8.385102e-02
8.282517e-02
8.135994e-02
7.948308e-02
7.722522e-02
7.462697e-02
7.173087e-02
6.857878e-02
6.535598e-02
6.181126e-02
5.812659e-02
5.434180e-02
5.049942e-02
5.000000e-02
5.000000e-02
5.000000e-02
5.000000e-02
5.000000e-02
5.000000e-02
5.000000e-02
5.000000e-02
5.000000e-02
5.000000e-02
5.000000e-02
5.000000e-02
5.000000e-02
5.000000e-02
5.000000e-02
5.000000e-02
5.000000e-02
5.227189e-02
6.046728e-02
6.518816e-02
7.449761e-02
8.465016e-02
9.559272e-02
1.008617e-01
1.126021e-01
1.249778e-01
1.298259e-01
1.286248e-01
1.266663e-01
1.244798e-01
1.218703e-01
1.194114e-01
1.168663e-01
1.144108e-01
1.118584e-01
1.092867e-01
1.067973e-01
1.042640e-01
1.018646e-01
9.945717e-02
9.718973e-02
9.489400e-02
9.278353e-02
9.066036e-02
8.860387e-02
8.670540e-02
8.486482e-02
8.303408e-02
8.127420e-02
7.961960e-02
7.804704e-02
7.653738e-02
7.508616e-02
7.369222e-02
7.235317e-02
7.106803e-02
6.983580e-02
6.866515e-02
6.754962e-02
6.647800e-02
6.546553e-02
6.449782e-02
6.359147e-02
6.270854e-02
6.188264e-02
6.111379e-02
6.036552e-02
5.967108e-02
5.902447e-02
5.840413e-02
5.783904e-02
5.729465e-02
5.680106e-02
5.632720e-02
5.589760e-02
5.549796e-02
5.511261e-02
5.477144e-02
5.444802e-02
5.413459e-02
5.385587e-02
5.359400e-02
5.333339e-02
5.308976e-02
5.286541e-02
5.265266e-02
5.244996e-02
5.225454e-02
5.206862e-02
5.189644e-02
5.173615e-02
5.158747e-02
5.145042e-02
5.132462e-02
5.120957e-02
5.110488e-02
5.101020e-02
5.092383e-02
5.084361e-02
5.077213e-02
5.070713e-02
5.064744e-02
5.059071e-02
5.053389e-02
5.047949e-02
5.043073e-02
5.038245e-02
5.033046e-02
5.028651e-02
5.024523e-02
5.020253e-02
5.016728e-02
5.013408e-02
5.010572e-02
5.008195e-02
5.005977e-02
5.004336e-02
5.002848e-02
5.001951e-02
5.001358e-02
5.001262e-02
5.001763e-02
5.002252e-02
5.003692e-02
5.005559e-02
5.007749e-02
5.010935e-02
5.014833e-02
5.019341e-02
5.024950e-02
5.031769e-02
5.039852e-02
5.049232e-02
5.059979e-02
5.072307e-02
5.086130e-02
5.101120e-02
5.116783e-02
5.132302e-02
5.146539e-02
5.158079e-02
5.165376e-02
5.167018e-02
5.162081e-02
5.150473e-02
5.133109e-02
5.111766e-02
5.088693e-02
5.066113e-02
5.045844e-02
5.029194e-02
5.016525e-02
5.008288e-02
5.004062e-02
5.003141e-02
5.004611e-02
5.007296e-02
5.010441e-02
5.013179e-02
5.014750e-02
5.014361e-02
5.012044e-02
5.007934e-02
5.001911e-02
5.000000e-02
5.000000e-02
5.000000e-02
5.000000e-02
5.000000e-02
5.000000e-02
5.000000e-02
5.000000e-02
5.000000e-02
5.000000e-02
5.000000e-02
5.000000e-02
5.000000e-02
5.000000e-02
5.000000e-02
5.000000e-02
5.000000e-02
5.000000e-02
5.000000e-02
5.000000e-02
5.000000e-02
5.000000e-02
5.000000e-02
5.000000e-02
5.000000e-02
5.000000e-02
5.000000e-02
5.000000e-02
5.000000e-02
5.000000e-02
5.000000e-02
5.000000e-02
5.000000e-02
5.000000e-02
5.000000e-02
5.000000e-02
5.000000e-02
5.000000e-02
5.000000e-02
5.000000e-02
5.000000e-02
5.007561e-02
5.016934e-02
5.027948e-02
5.040572e-02
5.054871e-02
5.070971e-02
5.089063e-02
5.109397e-02
5.132241e-02
5.157829e-02
5.186277e-02
5.217469e-02
5.250966e-02
5.285790e-02
5.320261e-02
5.351937e-02
5.377792e-02
5.394806e-02
5.400866e-02
5.395889e-02
5.382207e-02
5.363910e-02
5.345598e-02
5.330934e-02
5.321861e-02
5.319020e-02
5.321496e-02
5.327495e-02
5.335223e-02
5.342664e-02
5.347944e-02
5.349980e-02
5.348253e-02
5.342518e-02
5.333303e-02
5.321313e-02
5.307112e-02
5.292076e-02
5.277068e-02
5.263343e-02
5.251841e-02
5.243033e-02
5.237190e-02
5.233671e-02
5.231998e-02
5.230994e-02
5.230047e-02
5.228321e-02
5.225655e-02
5.221859e-02
5.217052e-02
5.211406e-02
5.204673e-02
5.196890e-02
5.187427e-02
5.175883e-02
5.161887e-02
5.145252e-02
5.126600e-02
5.107000e-02
5.087801e-02
5.070523e-02
5.056290e-02
5.045590e-02
5.038313e-02
5.034249e-02
5.032816e-02
5.033461e-02
5.035851e-02
5.039877e-02
5.045776e-02
5.053896e-02
5.064765e-02
5.078999e-02
5.097222e-02
5.119964e-02
5.147468e-02
5.179773e-02
5.216457e-02
5.256541e-02
5.298230e-02
5.338661e-02
5.373934e-02
5.399673e-02
5.412264e-02
5.410636e-02
5.397455e-02
5.378521e-02
5.360392e-02
5.347827e-02
5.342671e-02
5.344190e-02
5.350130e-02
5.357561e-02
5.363704e-02
5.366457e-02
5.364627e-02
5.357906e-02
5.346654e-02
5.331648e-02
5.314013e-02
5.295214e-02
5.276900e-02
5.260703e-02
5.247741e-02
5.238353e-02
5.232062e-02
5.227804e-02
5.224297e-02
5.220368e-02
5.215237e-02
5.208452e-02
5.199689e-02
5.188478e-02
5.173970e-02
5.155002e-02
5.130481e-02
5.100419e-02
5.066365e-02
5.031334e-02
5.000000e-02
5.000000e-02
5.000000e-02
5.000000e-02
5.000000e-02
5.000000e-02
5.000000e-02
5.000000e-02
5.000000e-02
5.000000e-02
5.000000e-02
5.000000e-02
5.000000e-02
5.000000e-02
5.000000e-02
5.000000e-02
5.005084e-02
5.047403e-02
5.094264e-02
5.144824e-02
5.197611e-02
5.250420e-02
5.299526e-02
5.340288e-02
5.367922e-02
5.379870e-02
5.377701e-02
5.367259e-02
5.356118e-02
5.349828e-02
5.350619e-02
5.357476e-02
5.367482e-02
5.377333e-02
5.384020e-02
5.385440e-02
5.380805e-02
5.369998e-02
5.353692e-02
5.333231e-02
5.310470e-02
5.287853e-02
5.267538e-02
5.250731e-02
5.237443e-02
5.226491e-02
5.215989e-02
5.203774e-02
5.187839e-02
5.166075e-02
5.136405e-02
5.097294e-02
5.049226e-02
5.000000e-02
5.000000e-02
5.000000e-02
5.000000e-02
5.000000e-02
5.000000e-02
5.000000e-02
5.000000e-02
5.000000e-02
5.000000e-02
5.000000e-02
5.000000e-02
5.000000e-02
5.000000e-02
5.000000e-02
5.000000e-02
5.000000e-02
5.000000e-02
5.000000e-02
5.000000e-02
5.000000e-02
5.000000e-02
5.000000e-02
5.000000e-02
5.053900e-02
5.102347e-02
5.138713e-02
5.158047e-02
5.159734e-02
5.149295e-02
5.135968e-02
5.127590e-02
5.127331e-02
5.133828e-02
5.143291e-02
5.151471e-02
5.155030e-02
5.152070e-02
5.142023e-02
5.125264e-02
5.103032e-02
5.077571e-02
5.051976e-02
5.029203e-02
5.010883e-02
5.000000e-02
5.000000e-02
5.000000e-02
5.000000e-02
5.000000e-02
5.000000e-02
5.000000e-02
5.000000e-02
5.000000e-02
5.000000e-02
5.000000e-02
5.000000e-02
5.000000e-02
5.000000e-02
5.000000e-02
5.000000e-02
5.000000e-02
5.000000e-02
5.000000e-02
5.000000e-02
5.000000e-02
5.000000e-02
5.000000e-02
5.000000e-02
5.000000e-02
5.000000e-02
5.000000e-02
5.000000e-02
5.000000e-02
5.000000e-02
5.000000e-02
5.000000e-02
5.000000e-02
5.000000e-02
5.000000e-02
5.000000e-02
5.000000e-02
5.000000e-02
5.000000e-02
5.000000e-02
5.000000e-02
5.000000e-02
5.000000e-02
5.000000e-02
5.000000e-02
5.000000e-02
5.000000e-02
5.000000e-02
5.000000e-02
5.000000e-02
5.000000e-02
5.000000e-02
5.000000e-02
5.000000e-02
5.000000e-02
5.000000e-02
5.000000e-02
5.000000e-02
5.000000e-02
5.000000e-02
5.000000e-02
5.000000e-02
5.000000e-02
5.000000e-02
5.000000e-02
5.000000e-02
5.000000e-02
5.000000e-02
5.000000e-02
5.000000e-02
5.000000e-02
5.000000e-02
5.000000e-02
5.000000e-02
5.000000e-02
5.000000e-02
5.000000e-02
5.000000e-02
5.000000e-02
5.000000e-02
5.000000e-02
5.000000e-02
5.000000e-02
5.000000e-02
5.000000e-02
5.000000e-02
5.000000e-02
5.000000e-02
5.000000e-02
5.000000e-02
5.000000e-02
5.000000e-02
5.000000e-02
5.000000e-02
5.000000e-02
5.000000e-02
5.000000e-02
5.000000e-02
5.000000e-02
5.000000e-02
5.000000e-02
5.000000e-02
5.000000e-02
5.000000e-02
5.000000e-02
5.000000e-02
5.000000e-02
5.000000e-02
5.000000e-02
5.000000e-02
5.000000e-02
5.000000e-02
5.000000e-02
5.000000e-02
5.000000e-02
5.000000e-02
5.000000e-02
5.000000e-02
5.000000e-02
5.000000e-02
5.000000e-02
5.000000e-02
5.000000e-02
5.000000e-02
5.000000e-02
5.000000e-02
5.000000e-02
5.000000e-02
5.000000e-02
5.000000e-02
5.000000e-02
5.000000e-02
5.000000e-02
5.000000e-02
5.000000e-02
5.000000e-02
5.000000e-02
5.000000e-02
5.000000e-02
5.000000e-02
5.000000e-02
5.000000e-02
5.000000e-02
5.000000e-02
5.000000e-02
5.000000e-02
5.000000e-02
5.000000e-02
5.000000e-02
5.000000e-02
5.000000e-02
5.000000e-02
5.000000e-02
5.000000e-02
5.000000e-02
5.000000e-02
5.000000e-02
5.000000e-02
5.000000e-02
5.000000e-02
5.000000e-02
5.000000e-02
5.000000e-02
5.000000e-02
5.000000e-02
5.000000e-02
5.000000e-02
5.000000e-02
5.000000e-02
5.000000e-02
5.000000e-02
5.000000e-02
5.000000e-02
5.000000e-02
5.000000e-02
5.000000e-02
5.000000e-02
5.000000e-02
5.000000e-02
5.000000e-02
5.000000e-02
5.000000e-02
5.000000e-02
5.000000e-02
5.000000e-02
5.000000e-02
5.000000e-02
5.000000e-02
5.000000e-02
5.000000e-02
5.000000e-02
5.000000e-02
5.000000e-02
5.000000e-02
5.000000e-02
5.000000e-02
5.000000e-02
5.000000e-02
5.000000e-02
5.000000e-02
5.000000e-02
5.000000e-02
5.000000e-02
5.000000e-02
5.000000e-02
5.000000e-02
5.000000e-02
5.000000e-02
5.000000e-02
5.000000e-02
5.000000e-02
5.000000e-02
5.000000e-02
5.000000e-02
5.000000e-02
5.000000e-02
5.000000e-02
5.000000e-02
5.000000e-02
5.000000e-02
5.000000e-02
5.000000e-02
5.000000e-02
5.000000e-02
5.000000e-02
5.000000e-02
5.000000e-02
5.000000e-02
5.000000e-02
5.000000e-02
5.000000e-02
5.000000e-02
5.000000e-02
5.000000e-02
5.000000e-02
5.000000e-02
5.000000e-02
5.000000e-02
5.000000e-02
5.000000e-02
5.000000e-02
5.000000e-02
5.000000e-02
5.000000e-02
5.000000e-02
5.000000e-02
5.000000e-02
5.000000e-02
5.000000e-02
5.000000e-02
5.000000e-02
5.000000e-02
5.000000e-02
5.000000e-02
5.000000e-02
5.000000e-02
5.000000e-02
5.000000e-02
5.000000e-02
5.000000e-02
5.000000e-02
5.000000e-02
5.000000e-02
5.000000e-02
5.000000e-02
5.000000e-02
5.000000e-02
5.000000e-02
5.000000e-02
5.000000e-02
5.000000e-02
5.000000e-02
5.000000e-02
5.000000e-02
5.000000e-02
5.000000e-02
5.000000e-02
5.000000e-02
5.000000e-02
5.000000e-02
5.000000e-02
5.000000e-02
5.000000e-02
5.000000e-02
5.000000e-02
5.000000e-02
5.000000e-02
5.000000e-02
5.000000e-02
5.000000e-02
5.000000e-02
5.000000e-02
5.000000e-02
5.000000e-02
5.000000e-02
5.000000e-02
5.000000e-02
5.000000e-02
5.000000e-02
5.000000e-02
5.000000e-02
5.000000e-02
5.000000e-02
5.000000e-02
5.000000e-02
5.000000e-02
5.000000e-02
5.000000e-02
5.000000e-02
5.000000e-02
5.000000e-02
5.000000e-02
5.000000e-02
5.000000e-02
5.000000e-02
5.000000e-02
5.000000e-02
5.000000e-02
5.000000e-02
5.000000e-02
5.000000e-02
5.000000e-02
5.000000e-02
5.000000e-02
5.000000e-02
5.000000e-02
5.000000e-02
5.000000e-02
5.000000e-02
5.000000e-02
5.000000e-02
5.000000e-02
5.000000e-02
5.000000e-02
5.000000e-02
5.000000e-02
5.000000e-02
5.000000e-02
5.000000e-02
5.000000e-02
5.000000e-02
5.000000e-02
5.000000e-02
5.000000e-02
5.000000e-02
5.000000e-02
5.000000e-02
5.000000e-02
5.000000e-02
5.000000e-02
5.000000e-02
5.000000e-02
5.000000e-02
5.000000e-02
5.000000e-02
5.000000e-02
5.000000e-02
5.000000e-02
5.000000e-02
5.000000e-02
5.000000e-02
5.000000e-02
5.000000e-02
5.000000e-02
5.000000e-02
5.000000e-02
5.000000e-02
5.000000e-02
5.000000e-02
5.000000e-02
5.000000e-02
5.000000e-02
5.000000e-02
5.000000e-02
5.000000e-02
5.000000e-02
5.000000e-02
5.000000e-02
5.000000e-02
5.000000e-02
5.000000e-02
5.000000e-02
5.000000e-02
5.000000e-02
5.000000e-02
5.000000e-02
5.000000e-02
5.000000e-02
5.000000e-02
5.000000e-02
5.000000e-02
5.000000e-02
5.000000e-02
5.000000e-02
5.000000e-02
5.000000e-02
5.000000e-02
5.000000e-02
5.000000e-02
5.000000e-02
5.000000e-02
5.000000e-02
5.000000e-02
5.000000e-02
5.000000e-02
5.000000e-02
5.000000e-02
5.000000e-02
