# relative error [-]
5.000000e-02
5.000000e-02
5.000000e-02
5.000000e-02
5.000000e-02
5.000000e-02
5.000000e-02
5.000000e-02
5.000000e-02
5.000000e-02
5.000000e-02
5.000000e-02
5.000000e-02
5.000000e-02
5.023793e-02
5.302172e-02
5.640653e-02
5.954644e-02
6.243218e-02
6.563793e-02
6.872158e-02
7.149134e-02
7.432297e-02
7.720904e-02
7.990678e-02
8.248627e-02
8.509965e-02
8.765093e-02
8.998024e-02
9.210325e-02
9.412886e-02
9.608860e-02
9.794993e-02
9.972537e-02
1.015010e-01
1.033619e-01
1.052982e-01
1.072508e-01
1.092174e-01
1.112180e-01
1.132514e-01
1.152916e-01
1.173006e-01
1.192521e-01
1.211468e-01
1.229448e-01
1.245989e-01
1.260956e-01
1.274560e-01
1.286847e-01
1.297929e-01
1.308113e-01
1.317630e-01
1.326461e-01
1.335049e-01
1.344302e-01
1.354855e-01
1.366963e-01
1.380767e-01
1.396311e-01
1.413362e-01
1.431552e-01
1.450484e-01
1.469815e-01
1.489148e-01
1.508126e-01
1.526523e-01
1.544220e-01
1.561120e-01
1.577154e-01
1.592219e-01
1.606139e-01
1.618699e-01
1.629683e-01
1.638829e-01
1.645978e-01
1.651133e-01
1.654453e-01
1.656310e-01
1.657189e-01
1.657551e-01
1.657990e-01
1.659145e-01
1.661614e-01
1.665823e-01
1.672122e-01
1.680834e-01
1.691907e-01
1.705453e-01
1.721237e-01
1.739291e-01
1.759464e-01
1.781758e-01
1.805883e-01
1.831601e-01
1.858145e-01
1.885610e-01
1.913079e-01
1.940429e-01
1.967353e-01
1.993459e-01
2.018271e-01
2.041998e-01
2.063959e-01
2.084454e-01
2.102945e-01
2.119609e-01
2.134367e-01
2.147227e-01
2.158321e-01
2.167644e-01
2.175376e-01
2.181673e-01
2.186368e-01
2.189946e-01
2.191866e-01
2.192450e-01
2.191758e-01
2.189540e-01
2.185700e-01
2.179893e-01
2.173081e-01
2.164077e-01
2.153641e-01
2.141822e-01
2.128874e-01
2.114785e-01
2.099794e-01
2.084356e-01
2.070028e-01
2.055115e-01
2.043708e-01
2.033407e-01
2.024999e-01
2.021443e-01
2.023303e-01
2.030534e-01
2.045817e-01
2.068284e-01
2.099873e-01
2.146574e-01
2.204092e-01
2.264240e-01
2.339966e-01
2.418656e-01
2.515885e-01
2.617830e-01
2.733627e-01
2.860569e-01
2.993716e-01
3.140377e-01
3.293513e-01
3.442355e-01
3.584094e-01
3.612314e-01
2.792808e-01
2.260139e-01
1.706187e-01
1.484020e-01
1.308928e-01
1.113942e-01
1.015724e-01
9.294473e-02
8.485346e-02
7.878242e-02
7.356214e-02
6.932555e-02
6.620532e-02
6.410534e-02
6.319019e-02
6.328523e-02
6.404834e-02
6.510941e-02
6.630059e-02
6.775946e-02
7.017132e-02
7.390342e-02
8.085425e-02
8.728087e-02
9.202980e-02
9.521405e-02
9.713302e-02
9.788805e-02
9.814804e-02
9.816541e-02
1.008896e-01
1.005143e-01
9.992709e-02
9.910344e-02
9.789044e-02
9.542679e-02
9.132915e-02
8.546598e-02
7.747703e-02
7.020659e-02
6.274252e-02
5.985320e-02
5.927221e-02
5.977906e-02
6.141403e-02
6.397772e-02
6.792854e-02
7.322301e-02
7.974673e-02
8.748345e-02
9.629319e-02
1.061900e-01
1.201675e-01
1.343688e-01
1.509736e-01
1.832796e-01
2.103552e-01
2.681852e-01
3.090906e-01
4.108956e-01
4.672712e-01
4.867145e-01
4.723441e-01
4.538501e-01
4.340577e-01
4.153906e-01
3.980344e-01
3.791272e-01
3.638226e-01
3.489019e-01
3.339220e-01
3.203108e-01
3.085696e-01
2.977325e-01
2.872628e-01
2.775766e-01
2.680359e-01
2.605765e-01
2.537915e-01
2.476395e-01
2.420883e-01
2.366397e-01
2.321740e-01
2.280819e-01
2.243475e-01
2.207152e-01
2.177404e-01
2.150202e-01
2.125056e-01
2.103426e-01
2.083189e-01
2.066261e-01
2.050755e-01
2.038035e-01
2.026764e-01
2.016603e-01
2.008991e-01
2.002664e-01
1.997546e-01
1.993603e-01
1.990648e-01
1.989682e-01
1.989500e-01
1.990114e-01
1.991609e-01
1.994001e-01
1.997091e-01
2.000564e-01
2.005077e-01
2.010298e-01
2.016113e-01
2.022230e-01
2.027982e-01
2.034691e-01
2.041833e-01
2.048431e-01
2.055836e-01
2.062533e-01
2.069948e-01
2.076623e-01
2.083616e-01
2.090224e-01
2.096281e-01
2.102440e-01
2.108258e-01
2.113458e-01
2.118186e-01
2.122518e-01
2.126406e-01
2.129795e-01
2.132649e-01
2.134949e-01
2.136685e-01
2.137876e-01
2.138500e-01
2.138517e-01
2.137784e-01
2.136752e-01
2.135193e-01
2.132828e-01
2.130206e-01
2.126860e-01
2.123257e-01
2.118993e-01
2.114413e-01
2.109398e-01
2.103906e-01
2.098079e-01
2.091993e-01
2.085524e-01
2.078693e-01
2.071583e-01
2.064211e-01
2.056588e-01
2.048722e-01
2.040581e-01
2.032208e-01
2.023672e-01
2.014940e-01
2.005963e-01
1.996793e-01
1.987490e-01
1.977916e-01
1.968249e-01
1.958316e-01
1.948216e-01
1.937936e-01
1.927406e-01
1.916663e-01
1.905730e-01
1.894560e-01
1.883163e-01
1.871592e-01
1.859890e-01
1.848096e-01
1.836274e-01
1.824476e-01
1.812752e-01
1.801175e-01
1.789747e-01
1.778455e-01
1.767367e-01
1.756472e-01
1.745728e-01
1.735184e-01
1.724766e-01
1.714509e-01
1.704369e-01
1.694330e-01
1.684393e-01
1.674519e-01
1.664691e-01
1.654904e-01
1.645139e-01
1.635380e-01
1.625618e-01
1.615841e-01
1.606043e-01
1.596219e-01
1.586364e-01
1.576481e-01
1.566572e-01
1.556639e-01
1.546672e-01
1.536696e-01
1.526710e-01
1.516705e-01
1.506700e-01
1.496692e-01
1.486688e-01
1.476681e-01
1.466690e-01
1.456697e-01
1.446718e-01
1.436732e-01
1.426763e-01
1.416780e-01
1.406793e-01
1.396794e-01
1.386771e-01
1.376730e-01
1.366650e-01
1.356542e-01
1.346410e-01
1.336243e-01
1.326066e-01
1.315895e-01
1.305743e-01
1.295621e-01
1.285559e-01
1.275571e-01
1.265673e-01
1.255871e-01
1.246175e-01
1.236591e-01
1.227122e-01
1.217766e-01
1.208523e-01
1.199387e-01
1.190356e-01
1.181424e-01
1.172585e-01
1.163837e-01
1.155175e-01
1.146595e-01
1.138096e-01
1.129674e-01
1.121330e-01
1.113065e-01
1.104874e-01
1.096755e-01
1.088708e-01
1.080731e-01
1.072816e-01
1.064959e-01
1.057156e-01
1.049390e-01
1.041662e-01
1.033955e-01
1.026265e-01
1.018586e-01
1.010911e-01
1.003246e-01
9.955943e-02
9.879672e-02
9.803772e-02
9.728395e-02
9.653686e-02
9.579779e-02
9.506782e-02
9.434769e-02
9.363790e-02
9.293861e-02
9.224986e-02
9.157126e-02
9.090223e-02
9.024224e-02
8.959047e-02
8.894601e-02
8.830805e-02
8.767554e-02
8.704774e-02
8.642357e-02
8.580247e-02
8.518349e-02
8.456606e-02
8.394966e-02
8.333348e-02
8.271749e-02
8.210104e-02
8.148394e-02
8.086617e-02
8.024752e-02
7.962783e-02
7.900746e-02
7.838644e-02
7.776495e-02
7.714365e-02
7.652303e-02
7.590348e-02
7.528588e-02
7.467109e-02
7.406010e-02
7.345375e-02
7.285320e-02
7.225955e-02
7.167369e-02
7.109649e-02
7.052861e-02
6.997063e-02
6.942291e-02
6.888555e-02
6.835852e-02
6.784168e-02
6.733477e-02
6.683742e-02
6.634917e-02
6.586951e-02
6.539789e-02
6.493372e-02
6.447637e-02
6.402521e-02
6.357953e-02
6.313861e-02
6.270166e-02
6.226788e-02
6.183637e-02
6.140625e-02
6.097666e-02
6.054678e-02
6.011574e-02
5.968292e-02
5.924800e-02
5.881054e-02
5.837089e-02
5.792928e-02
5.748650e-02
5.704353e-02
5.660143e-02
5.616145e-02
5.572478e-02
5.529254e-02
5.486566e-02
5.444489e-02
5.403080e-02
5.362370e-02
5.322369e-02
5.283069e-02
5.244435e-02
5.206423e-02
5.168965e-02
5.131986e-02
5.095395e-02
5.059096e-02
5.022987e-02
5.000000e-02
5.000000e-02
5.000000e-02
5.000000e-02
5.000000e-02
5.000000e-02
5.000000e-02
5.000000e-02
5.000000e-02
5.000000e-02
5.000000e-02
5.000000e-02
5.000000e-02
5.000000e-02
5.000000e-02
5.000000e-02
5.000000e-02
5.000000e-02
5.000000e-02
5.000000e-02
5.000000e-02
5.000000e-02
5.000000e-02
5.000000e-02
5.000000e-02
5.000000e-02
5.000000e-02
5.000000e-02
5.000000e-02
5.000000e-02
5.000000e-02
5.000000e-02
5.000000e-02
5.000000e-02
5.000000e-02
5.000000e-02
5.000000e-02
5.000000e-02
5.000000e-02
5.000000e-02
5.000000e-02
5.000000e-02
5.000000e-02
5.000000e-02
5.000000e-02
5.000000e-02
5.000000e-02
5.000000e-02
5.000000e-02
5.000000e-02
5.000000e-02
5.000000e-02
5.000000e-02
5.000000e-02
5.000000e-02
5.000000e-02
5.000000e-02
5.000000e-02
5.000000e-02
5.000000e-02
5.000000e-02
5.000000e-02
5.000000e-02
5.000000e-02
5.000000e-02
5.000000e-02
5.000000e-02
5.000000e-02
5.000000e-02
5.000000e-02
5.000000e-02
5.000000e-02
5.000000e-02
5.000000e-02
5.000000e-02
5.000000e-02
5.000000e-02
5.000000e-02
5.000000e-02
5.000000e-02
5.000000e-02
5.000000e-02
5.000000e-02
5.000000e-02
5.000000e-02
5.000000e-02
5.000000e-02
5.000000e-02
5.000000e-02
5.000000e-02
5.000000e-02
5.000000e-02
5.000000e-02
5.000000e-02
5.000000e-02
5.000000e-02
5.000000e-02
5.000000e-02
5.000000e-02
5.000000e-02
5.000000e-02
5.000000e-02
5.000000e-02
5.000000e-02
5.000000e-02
5.000000e-02
5.000000e-02
5.000000e-02
5.000000e-02
5.000000e-02
5.000000e-02
5.000000e-02
5.000000e-02
5.000000e-02
5.000000e-02
5.000000e-02
5.000000e-02
5.000000e-02
5.000000e-02
5.000000e-02
5.000000e-02
5.000000e-02
5.000000e-02
5.000000e-02
5.000000e-02
5.000000e-02
5.000000e-02
5.000000e-02
5.000000e-02
5.000000e-02
5.000000e-02
5.000000e-02
5.000000e-02
5.000000e-02
5.000000e-02
5.000000e-02
5.000000e-02
5.000000e-02
5.000000e-02
5.000000e-02
5.000000e-02
5.000000e-02
5.000000e-02
5.000000e-02
5.000000e-02
5.000000e-02
5.000000e-02
5.000000e-02
5.000000e-02
5.000000e-02
5.000000e-02
5.000000e-02
5.000000e-02
5.000000e-02
5.000000e-02
5.000000e-02
5.000000e-02
5.000000e-02
5.000000e-02
5.000000e-02
5.000000e-02
5.000000e-02
5.000000e-02
5.000000e-02
5.000000e-02
5.000000e-02
5.000000e-02
5.000000e-02
5.000000e-02
5.000000e-02
5.000000e-02
5.000000e-02
5.000000e-02
5.000000e-02
5.000000e-02
5.000000e-02
5.000000e-02
5.000000e-02
5.000000e-02
5.000000e-02
5.000000e-02
5.000000e-02
5.000000e-02
5.000000e-02
5.000000e-02
5.000000e-02
5.000000e-02
5.000000e-02
5.000000e-02
5.000000e-02
5.000000e-02
5.000000e-02
5.000000e-02
5.000000e-02
5.000000e-02
5.000000e-02
5.000000e-02
5.000000e-02
5.000000e-02
5.000000e-02
5.000000e-02
5.000000e-02
5.000000e-02
5.000000e-02
5.000000e-02
5.000000e-02
5.000000e-02
5.000000e-02
5.000000e-02
5.000000e-02
5.000000e-02
5.000000e-02
5.000000e-02
5.000000e-02
5.000000e-02
5.000000e-02
5.000000e-02
5.000000e-02
5.000000e-02
5.000000e-02
5.000000e-02
5.000000e-02
5.000000e-02
5.000000e-02
5.000000e-02
5.000000e-02
5.000000e-02
5.000000e-02
5.000000e-02
5.000000e-02
5.000000e-02
5.000000e-02
5.000000e-02
5.000000e-02
5.000000e-02
5.000000e-02
5.000000e-02
5.000000e-02
5.000000e-02
5.000000e-02
5.000000e-02
5.000000e-02
5.000000e-02
5.000000e-02
5.000000e-02
5.000000e-02
5.000000e-02
5.000000e-02
5.000000e-02
5.000000e-02
5.000000e-02
5.000000e-02
5.000000e-02
5.000000e-02
5.000000e-02
5.000000e-02
5.000000e-02
5.000000e-02
5.000000e-02
5.000000e-02
5.000000e-02
5.000000e-02
5.000000e-02
5.000000e-02
5.000000e-02
5.000000e-02
5.000000e-02
5.000000e-02
5.000000e-02
5.000000e-02
5.000000e-02
5.000000e-02
5.000000e-02
5.000000e-02
5.000000e-02
5.000000e-02
5.000000e-02
5.000000e-02
5.000000e-02
5.000000e-02
5.000000e-02
5.000000e-02
5.000000e-02
5.000000e-02
5.000000e-02
5.000000e-02
5.000000e-02
5.000000e-02
5.000000e-02
5.000000e-02
5.000000e-02
5.000000e-02
5.000000e-02
5.000000e-02
5.000000e-02
5.000000e-02
5.000000e-02
5.000000e-02
5.000000e-02
5.000000e-02
5.000000e-02
5.000000e-02
5.000000e-02
5.000000e-02
5.000000e-02
5.000000e-02
5.000000e-02
5.000000e-02
5.000000e-02
5.000000e-02
5.000000e-02
5.000000e-02
5.000000e-02
5.000000e-02
5.000000e-02
5.000000e-02
5.000000e-02
5.000000e-02
5.000000e-02
5.000000e-02
5.000000e-02
5.000000e-02
5.000000e-02
5.000000e-02
5.000000e-02
5.000000e-02
5.000000e-02
5.000000e-02
5.000000e-02
5.000000e-02
5.000000e-02
5.000000e-02
5.000000e-02
5.000000e-02
5.000000e-02
5.000000e-02
5.000000e-02
5.000000e-02
5.000000e-02
5.000000e-02
5.000000e-02
5.000000e-02
5.000000e-02
5.000000e-02
5.000000e-02
5.000000e-02
5.000000e-02
5.000000e-02
5.000000e-02
5.000000e-02
5.000000e-02
5.000000e-02
5.000000e-02
5.000000e-02
5.000000e-02
5.000000e-02
5.000000e-02
5.000000e-02
5.000000e-02
5.000000e-02
5.000000e-02
5.000000e-02
5.000000e-02
5.000000e-02
5.000000e-02
5.000000e-02
5.000000e-02
5.000000e-02
5.000000e-02
5.000000e-02
5.000000e-02
5.000000e-02
5.000000e-02
5.000000e-02
5.000000e-02
5.000000e-02
5.000000e-02
5.000000e-02
5.000000e-02
5.000000e-02
5.000000e-02
5.000000e-02
5.000000e-02
5.000000e-02
5.000000e-02
5.000000e-02
5.000000e-02
5.000000e-02
5.000000e-02
5.000000e-02
5.000000e-02
5.000000e-02
5.000000e-02
5.000000e-02
5.000000e-02
5.000000e-02
5.000000e-02
5.000000e-02
5.000000e-02
5.000000e-02
5.000000e-02
5.000000e-02
5.000000e-02
5.000000e-02
5.000000e-02
5.000000e-02
5.000000e-02
5.000000e-02
5.000000e-02
5.000000e-02
5.000000e-02
5.000000e-02
5.000000e-02
5.000000e-02
5.000000e-02
5.000000e-02
5.000000e-02
5.000000e-02
5.000000e-02
5.000000e-02
5.000000e-02
5.000000e-02
5.000000e-02
5.000000e-02
5.000000e-02
5.000000e-02
5.000000e-02
5.000000e-02
5.000000e-02
5.000000e-02
5.000000e-02
5.000000e-02
5.000000e-02
5.000000e-02
5.000000e-02
5.000000e-02
5.000000e-02
5.000000e-02
5.000000e-02
5.000000e-02
5.000000e-02
5.000000e-02
5.000000e-02
5.000000e-02
5.000000e-02
5.000000e-02
5.000000e-02
5.000000e-02
5.000000e-02
5.000000e-02
5.000000e-02
5.000000e-02
5.000000e-02
5.000000e-02
5.000000e-02
5.000000e-02
5.000000e-02
5.000000e-02
5.000000e-02
5.000000e-02
5.000000e-02
5.000000e-02
5.000000e-02
5.000000e-02
5.000000e-02
5.000000e-02
5.000000e-02
5.000000e-02
5.000000e-02
5.000000e-02
5.000000e-02
5.000000e-02
5.000000e-02
5.000000e-02
5.000000e-02
5.000000e-02
5.000000e-02
5.000000e-02
5.000000e-02
5.000000e-02
5.000000e-02
5.000000e-02
5.000000e-02
5.000000e-02
5.000000e-02
5.000000e-02
5.000000e-02
5.000000e-02
5.000000e-02
5.000000e-02
5.000000e-02
5.000000e-02
5.000000e-02
5.000000e-02
5.000000e-02
5.000000e-02
5.000000e-02
5.000000e-02
5.000000e-02
5.000000e-02
5.000000e-02
5.000000e-02
5.000000e-02
5.000000e-02
5.000000e-02
5.000000e-02
5.000000e-02
5.000000e-02
5.000000e-02
5.000000e-02
5.000000e-02
5.000000e-02
5.000000e-02
5.000000e-02
