# averaged gas surface density [g/cm^2]
1.996579424479166676e+01
1.797590984374999934e+01
1.559877811197916664e+01
1.432176029947916618e+01
1.394785934895833179e+01
1.372402255208333344e+01
1.351286070312499987e+01
1.329974494791667006e+01
1.309146794270833425e+01
1.288603675781249969e+01
1.268650610677083357e+01
1.249052516927083367e+01
1.230108475260416867e+01
1.211477147135416566e+01
1.193225998697916701e+01
1.175389398437500255e+01
1.157977089843750029e+01
1.141059809895833332e+01
1.124535479166666541e+01
1.108310455729166755e+01
1.092388784895833176e+01
1.076808967187499810e+01
1.061628674609375089e+01
1.046871657552083512e+01
1.032487732031250083e+01
1.018399942838541783e+01
1.004562578515625049e+01
9.909721536458333091e+00
9.776649802083333896e+00
9.647073953125000045e+00
9.521553980468750567e+00
9.400089007812500341e+00
9.282076884114582427e+00
9.166633393229167481e+00
9.052904156249999446e+00
8.940161416666667193e+00
8.828056279947917417e+00
8.716661438802082884e+00
8.606234225260417148e+00
8.497301753906249644e+00
8.390484805989585126e+00
8.286321904947916650e+00
8.185119263020832037e+00
8.086964128906251048e+00
7.991831963541666362e+00
7.899214626302083708e+00
7.808472302083333538e+00
7.719582062499998898e+00
7.632417628906249973e+00
7.546832248697916690e+00
7.462711919270833327e+00
7.379849322916666843e+00
7.298238825520833473e+00
7.217925160156249298e+00
7.138527649739583758e+00
7.059953346354165937e+00
6.982253477864582614e+00
6.905417834635417584e+00
6.829328994791666219e+00
6.753893098958333674e+00
6.679053359374999665e+00
6.604751031250000182e+00
6.530992205729166500e+00
6.457760337239583315e+00
6.385053718750000051e+00
6.312944515625001252e+00
6.241581929687501251e+00
6.171139549479167208e+00
6.101779835937500174e+00
6.033627949218749897e+00
5.966748889322915694e+00
5.901123976562499429e+00
5.836672493489582614e+00
5.773291858072916227e+00
5.710851239583333516e+00
5.649246890625000184e+00
5.588400835937501476e+00
5.528229079427082304e+00
5.468652078125000315e+00
5.409572998697917079e+00
5.350853194010416480e+00
5.292275124999999747e+00
5.233578566406250410e+00
5.174527654947916666e+00
5.114897369791666648e+00
5.054550610677083000e+00
4.993426433593749714e+00
4.931473382812499473e+00
4.868735419270833198e+00
4.805204111979166193e+00
4.740921898437499671e+00
4.675862352864583293e+00
4.610056648437500293e+00
4.543519654947917097e+00
4.476323526041666945e+00
4.408571335937499391e+00
4.340568906249999692e+00
4.272553533854166474e+00
4.204870569010416226e+00
4.137834307291666569e+00
4.071702013020833455e+00
4.006661657552084144e+00
3.942922132812499925e+00
3.880543873697916535e+00
3.819628441406249575e+00
3.760152792968749935e+00
3.702129748697916778e+00
3.645510028645832623e+00
3.590233919270833240e+00
3.536242552083333379e+00
3.483442270833333243e+00
3.431761869791666530e+00
3.381132187499999997e+00
3.331451472656250079e+00
3.282713472656249909e+00
3.234784455729167174e+00
3.187654326822916939e+00
3.141274713541667207e+00
3.095565048177083778e+00
3.050434924479166643e+00
3.005744632812499706e+00
2.961464910156249797e+00
2.917343890624999769e+00
2.873255350260417007e+00
2.828985190104166492e+00
2.784315316406249963e+00
2.738977246093750040e+00
2.692695962239583185e+00
2.645176515624999780e+00
2.596160378906249733e+00
2.545231091145833346e+00
2.492222617187499711e+00
2.436682964843750021e+00
2.378311682291666340e+00
2.317045970052083348e+00
2.252745062500000284e+00
2.185337597656250352e+00
2.114933971354166609e+00
2.041596153645833578e+00
1.965462265625000038e+00
1.886743782552083415e+00
1.806188808593749862e+00
1.723786492187500130e+00
1.640258675781250064e+00
1.556018778385416690e+00
1.471844109244791587e+00
1.388136099218749919e+00
1.305680652604166658e+00
1.225052392447916638e+00
1.146863082161458491e+00
1.071697197916666733e+00
1.000069482552083278e+00
9.323636231770833227e-01
8.690497365885416770e-01
8.105676779947916799e-01
7.568681473958333017e-01
7.079054648437500541e-01
6.643851649739583864e-01
6.253597470052083551e-01
5.913589177083332649e-01
5.615494984375000165e-01
5.357029367187499114e-01
5.136000278645833639e-01
4.946132669270832949e-01
4.783452035156249837e-01
4.643494289062499725e-01
4.522614480468750142e-01
4.417569716145832714e-01
4.325931582031249945e-01
4.246800529947917791e-01
4.177865910156250417e-01
4.117881007812500549e-01
4.065714569010416835e-01
4.021082057291666678e-01
3.983178812499999499e-01
3.950258635416666331e-01
3.918782528645833874e-01
3.887654438802083390e-01
3.859461514322916620e-01
3.835468075520833686e-01
3.815346277343749648e-01
3.797883751302083000e-01
3.782748350260417003e-01
3.768606434895833690e-01
3.754244865885416615e-01
3.739265514322916428e-01
3.723332829427083435e-01
3.706882316406250322e-01
3.690700776041666575e-01
3.675371546874999784e-01
3.663152785156249536e-01
3.654533376302082637e-01
3.650571019531250183e-01
3.651184660156250317e-01
3.655778786458332985e-01
3.661729097656249987e-01
3.669169055989583428e-01
3.681353983072916947e-01
3.700737209635416858e-01
3.728104338541666785e-01
3.762845156250000378e-01
3.806077912760416626e-01
3.859049619791666275e-01
3.922942665364583803e-01
4.000917901041665670e-01
4.093356417968749827e-01
4.201969022135416676e-01
4.329495377604166695e-01
4.478469766927083984e-01
4.651172776041667123e-01
4.850318072916666168e-01
5.078779389322917170e-01
5.336806555989582757e-01
5.626171644531249294e-01
5.946447894531249334e-01
6.302055593750000018e-01
6.688521885416668367e-01
7.105874218750001248e-01
7.552868136718750014e-01
8.024050234375000867e-01
8.519164555989583443e-01
9.033648615885416788e-01
9.562479490885417155e-01
1.010663413281249978e+00
1.065901983203125125e+00
1.121553416536458458e+00
1.177502961458333219e+00
1.233563231380208292e+00
1.289307646484375125e+00
1.344471682161458403e+00
1.398838024088541632e+00
1.452220106770833352e+00
1.504470138020833403e+00
1.555444740885416621e+00
1.605021843749999677e+00
1.653096044270833120e+00
1.699509602864583302e+00
1.744416795572916401e+00
1.787624255208333013e+00
1.829094500000000068e+00
1.868793980468749893e+00
1.906862936197916802e+00
1.943204662760416701e+00
1.977853652343750213e+00
2.010864157552083142e+00
2.042243121093750169e+00
2.072071411458333401e+00
2.100361566406249825e+00
2.127196145833333052e+00
2.152583626302083442e+00
2.176581507812500149e+00
2.199286210937499764e+00
2.220699859374999807e+00
2.240877309895833225e+00
2.259877376302083629e+00
2.277750082031249956e+00
2.294582847656249758e+00
2.310370459635416651e+00
2.325163118489583347e+00
2.339017315104166439e+00
2.351984501302083697e+00
2.364103623697916934e+00
2.375409819010416701e+00
2.385979513020833220e+00
2.395841307291666666e+00
2.405032833333333286e+00
2.413586010416666650e+00
2.421510093749999815e+00
2.428912533854166611e+00
2.435809317708333310e+00
2.442182265625000070e+00
2.448140057291666505e+00
2.453640322916666783e+00
2.458789925781249774e+00
2.463541356770833524e+00
2.467985959635416560e+00
2.472105809895833506e+00
2.475924420572916507e+00
2.479505656250000190e+00
2.482841481770833081e+00
2.485937217447916847e+00
2.488825100260416701e+00
2.491530212239583264e+00
2.494066316406250206e+00
2.496444832031250005e+00
2.498677059895833441e+00
2.500774373697916442e+00
2.502748134114583412e+00
2.504610250000000260e+00
2.506367925781249895e+00
2.508027878906249786e+00
2.509587699218749801e+00
2.511084765625000159e+00
2.512508471354166772e+00
2.513842369791666531e+00
2.515131846354166978e+00
2.516346311197916297e+00
2.517521182291666548e+00
2.518630335937499964e+00
2.519700816406249988e+00
2.520723444010416703e+00
2.521697514322916778e+00
2.522633722656249855e+00
2.523538148437500350e+00
2.524398253906249945e+00
2.525215858072916486e+00
2.525996105468749864e+00
2.526738783854166837e+00
2.527442204427083006e+00
2.528103701822916438e+00
2.528717600260416365e+00
2.529284170572916768e+00
2.529804942708333115e+00
2.530271412760416894e+00
2.530675109375000176e+00
2.531014917968750222e+00
2.531288955729166457e+00
2.531479145833333444e+00
2.531593313802083411e+00
2.531607148437500232e+00
2.531521200520833403e+00
2.531324436197916583e+00
2.530999888020833311e+00
2.530540747395833012e+00
2.529937643229166699e+00
2.529175692708333312e+00
2.528246947916666709e+00
2.527150472656249480e+00
2.525886195312499805e+00
2.524458268229166524e+00
2.522877382812500180e+00
2.521156339843749983e+00
2.519310716145833240e+00
2.517360100260416456e+00
2.515316911458333138e+00
2.513192798177083187e+00
2.511007033854166348e+00
2.508768674479167071e+00
2.506483003906250229e+00
2.504163049479166681e+00
2.501808438802083145e+00
2.499428755208333186e+00
2.497024473958333157e+00
2.494598483072916650e+00
2.492154656249999878e+00
2.489691673177083064e+00
2.487210520833333049e+00
2.484713268229166605e+00
2.482199733072916636e+00
2.479669920572916908e+00
2.477124066406249714e+00
2.474562098958333234e+00
2.471984524739583300e+00
2.469391236979166848e+00
2.466782354166666469e+00
2.464158742187499751e+00
2.461520566406250055e+00
2.458868187500000246e+00
2.456200236979166451e+00
2.453519494791666755e+00
2.450825279947916879e+00
2.448116046875000062e+00
2.445393437499999933e+00
2.442656459635416777e+00
2.439904751302083508e+00
2.437136789062499975e+00
2.434353798177083750e+00
2.431552197916666547e+00
2.428732670572916863e+00
2.425891361979166660e+00
2.423029294270833134e+00
2.420141108072916492e+00
2.417225891927083481e+00
2.414280686197916470e+00
2.411301716145832774e+00
2.408287384114583318e+00
2.405232760416666782e+00
2.402136779947916523e+00
2.398997727864583762e+00
2.395812579427083477e+00
2.392582988281249712e+00
2.389310041666666606e+00
2.385995513020833680e+00
2.382641539062499980e+00
2.379253320312499920e+00
2.375834472656249918e+00
2.372389373697916692e+00
2.368921873697916514e+00
2.365435871093750198e+00
2.361935136718750439e+00
2.358423069010416651e+00
2.354902203124999982e+00
2.351375102864583067e+00
2.347843760416666647e+00
2.344309858072916697e+00
2.340774791666666577e+00
2.337239763020833028e+00
2.333705644531249845e+00
2.330173184895833582e+00
2.326642795572916533e+00
2.323114757812499764e+00
2.319589136718749778e+00
2.316066091145833283e+00
2.312545324218750142e+00
2.309026010416666441e+00
2.305507259114583096e+00
2.301988283854166539e+00
2.298467795572916916e+00
2.294943799479166824e+00
2.291414513020832988e+00
2.287877819010416758e+00
2.284330319010416499e+00
2.280770147135416703e+00
2.277193510416666289e+00
2.273597729166666692e+00
2.269979930989583394e+00
2.266337410156250343e+00
2.262668798177083218e+00
2.258973223958333332e+00
2.255250941406250043e+00
2.251503217447916594e+00
2.247732295572916872e+00
2.243941216145833195e+00
2.240133446614583246e+00
2.236312557291666447e+00
2.232482242187499910e+00
2.228645964843749994e+00
2.224806950520833215e+00
2.220968207031249975e+00
2.217132207031249802e+00
2.213301049479166949e+00
2.209476835937500105e+00
2.205661115885416468e+00
2.201855230468749980e+00
2.198060481770833352e+00
2.194277773437499857e+00
2.190508066406250176e+00
2.186751864583333482e+00
2.183010080729166802e+00
2.179283006510416509e+00
2.175571072916666626e+00
2.171874769531250138e+00
2.168193970052083142e+00
2.164529299479166724e+00
2.160880322916666429e+00
2.157247200520833186e+00
2.153629736979166598e+00
2.150027506510416853e+00
2.146440027343750057e+00
2.142866945312499993e+00
2.139307299479166868e+00
2.135760153645833270e+00
2.132224799479166766e+00
2.128700128906249933e+00
2.125185000000000102e+00
2.121678382812499652e+00
2.118179477864583493e+00
2.114687515625000014e+00
2.111201838541666653e+00
2.107722373697916485e+00
2.104249179687499804e+00
2.100782519531250170e+00
2.097323023437499767e+00
2.093871332031250088e+00
2.090428425781249988e+00
2.086995101562500121e+00
2.083572214843750103e+00
2.080160489583333217e+00
2.076760662760416931e+00
2.073373292968749837e+00
2.069998802083333533e+00
2.066637582031249920e+00
2.063289809895833216e+00
2.059955555989583242e+00
2.056634779947916769e+00
2.053327365885416533e+00
2.050033022135416605e+00
2.046751339843750017e+00
2.043481744791666443e+00
2.040223595052083283e+00
2.036976037760416691e+00
2.033738084635416499e+00
2.030508598958333355e+00
2.027286298177083168e+00
2.024069826822916696e+00
2.020857677083333304e+00
2.017648300781250015e+00
2.014440337239582934e+00
2.011232222656250013e+00
2.008023061197916626e+00
2.004811803385416535e+00
2.001598022135416599e+00
1.998381579427083166e+00
1.995162640625000039e+00
1.991941822916666327e+00
1.988719992187499841e+00
1.985498111979166813e+00
1.982277289062500003e+00
1.979058779947916458e+00
1.975843661458333456e+00
1.972633084635416756e+00
1.969428067708333119e+00
1.966229553385416606e+00
1.963038394531250175e+00
1.959855351562499903e+00
1.956681127604166903e+00
1.953516257812500045e+00
1.950361315104166549e+00
1.947216794270833162e+00
1.944083024739583498e+00
1.940960423177083172e+00
1.937849175781249933e+00
1.934749563802083294e+00
1.931661760416666596e+00
1.928585940104166951e+00
1.925522118489583434e+00
1.922470377604166503e+00
1.919430742187500094e+00
1.916403242187499911e+00
1.913387876302083512e+00
1.910384643229166679e+00
1.907393664062499994e+00
1.904414953124999643e+00
1.901448713541666669e+00
1.898495124999999950e+00
1.895554436197916637e+00
1.892626911458333394e+00
1.889712930989583484e+00
1.886812856770833546e+00
1.883927033854166710e+00
1.881055886718749903e+00
1.878199606770833308e+00
1.875358488281249736e+00
1.872532692708333002e+00
1.869722282552083392e+00
1.866927298177083472e+00
1.864147636718749945e+00
1.861383100260416645e+00
1.858633432291666665e+00
1.855898207031249969e+00
1.853176904947916315e+00
1.850468949218750048e+00
1.847773622395833426e+00
1.845090066406250173e+00
1.842417365885416602e+00
1.839754473958333136e+00
1.837100348958333074e+00
1.834453781249999915e+00
1.831813598958333289e+00
1.829178554687500124e+00
1.826547446614583237e+00
1.823919158854166556e+00
1.821292625000000109e+00
1.818666993489583383e+00
1.816041531250000007e+00
1.813415694010416468e+00
1.810789175781249982e+00
1.808161910156250052e+00
1.805533957031250081e+00
1.802905579427083183e+00
1.800277212239583591e+00
1.797649365885416906e+00
1.795022627604166532e+00
1.792397680989583408e+00
1.789775156250000165e+00
1.787155766927083222e+00
1.784540207031249937e+00
1.781929049479166638e+00
1.779322946614583456e+00
1.776722470052083169e+00
1.774128149739582883e+00
1.771540458333333179e+00
1.768959839843750048e+00
1.766386713541666653e+00
1.763821449218750059e+00
1.761264394531249833e+00
1.758715884114583572e+00
1.756176273437500157e+00
1.753645843749999989e+00
1.751124893229166757e+00
1.748613776041666457e+00
1.746112901041666499e+00
1.743622572916666558e+00
1.741143236979166842e+00
1.738675233072916493e+00
1.736218964843750046e+00
1.733774799479166795e+00
1.731343149739583254e+00
1.728924343750000148e+00
1.726518662760416545e+00
1.724126433593750063e+00
1.721747864583333509e+00
1.719383067708333046e+00
1.717032173177083232e+00
1.714695158854166790e+00
1.712371981770833385e+00
1.710062432291666434e+00
1.707766260416666571e+00
1.705483102864583378e+00
1.703212454427083244e+00
1.700953764322916895e+00
1.698706330729166547e+00
1.696469376302083276e+00
1.694242072916666730e+00
1.692023410156250129e+00
1.689812420572916807e+00
1.687608118489583475e+00
1.685409411458333118e+00
1.683215266927083453e+00
1.681024708333333395e+00
1.678836805989583292e+00
1.676650661458333191e+00
1.674465595052083033e+00
1.672280968749999985e+00
1.670096363281250218e+00
1.667911416666666868e+00
1.665726010416666680e+00
1.663540040364583250e+00
1.661353684895833238e+00
1.659167067708333443e+00
1.656980550781250061e+00
1.654794455729166502e+00
1.652609166666666907e+00
1.650425161458333179e+00
1.648242845052083405e+00
1.646062720052083428e+00
1.643885205729166854e+00
1.641710716145833304e+00
1.639539632812500036e+00
1.637372381510416419e+00
1.635209294270833169e+00
1.633050738281250247e+00
1.630897052083333243e+00
1.628748619791666741e+00
1.626605794270832961e+00
1.624468962239583369e+00
1.622338559895833088e+00
1.620215029947916774e+00
1.618098789062499820e+00
1.615990414062499880e+00
1.613890341145833185e+00
1.611799158854166691e+00
1.609717402343749937e+00
1.607645567708333223e+00
1.605584178385416338e+00
1.603533714843749847e+00
1.601494647135416782e+00
1.599467365885416825e+00
1.597452153645833484e+00
1.595449283854166511e+00
1.593458882812499811e+00
1.591480993489583495e+00
1.589515546875000185e+00
1.587562348958333258e+00
1.585621066406250002e+00
1.583691299479166759e+00
1.581772404947916710e+00
1.579863774739583393e+00
1.577964567708333377e+00
1.576073936197916803e+00
1.574190966145833315e+00
1.572314613281250217e+00
1.570443871093749832e+00
1.568577760416666633e+00
1.566715205729166671e+00
1.564855358072916758e+00
1.562997305989583419e+00
1.561140272135416618e+00
1.559283605468750222e+00
1.557426815104166806e+00
1.555569402343750296e+00
1.553711101562499808e+00
1.551851777343750127e+00
1.549991359375000100e+00
1.548129834635416868e+00
1.546267376302083774e+00
1.544404221354166884e+00
1.542540609375000260e+00
1.540676820312500084e+00
1.538813183593749967e+00
1.536950069010416753e+00
1.535087791666666535e+00
1.533226656250000097e+00
1.531367042968750036e+00
1.529509287760416614e+00
1.527653765624999993e+00
1.525800764322917003e+00
1.523950764322916429e+00
1.522104113281250060e+00
1.520261260416666760e+00
1.518422691406249969e+00
1.516588851562499896e+00
1.514760402343749979e+00
1.512937798177083515e+00
1.511121760416666904e+00
1.509312877604166658e+00
1.507511808593750002e+00
1.505719131510416586e+00
1.503935527343750023e+00
1.502161576822916844e+00
1.500397727864583475e+00
1.498644484374999974e+00
1.496902201822916778e+00
1.495171078125000053e+00
1.493451279947916488e+00
1.491742786458333470e+00
1.490045433593749857e+00
1.488358957031249874e+00
1.486682891927083361e+00
1.485016678385416400e+00
1.483359666666666632e+00
1.481710967447916971e+00
1.480069735677083331e+00
1.478434976562500003e+00
1.476805730468749855e+00
1.475180895833333006e+00
1.473559488281249941e+00
1.471940540364583327e+00
1.470323115885416643e+00
1.468706375000000008e+00
1.467089622395833182e+00
1.465472186197916749e+00
1.463853606770833204e+00
1.462233553385416718e+00
1.460611748697916878e+00
1.458988089843749947e+00
1.457362511718749865e+00
1.455735121093750140e+00
1.454106057291666643e+00
1.452475574218749843e+00
1.450843911458332913e+00
1.449211394531250141e+00
1.447578291666666628e+00
1.445944944010416622e+00
1.444311662760416892e+00
1.442678783854166591e+00
1.441046604166666745e+00
1.439415477864583126e+00
1.437785736979166673e+00
1.436157730468750060e+00
1.434531805989583519e+00
1.432908430989583648e+00
1.431288011718749864e+00
1.429671024739583407e+00
1.428058011718750242e+00
1.426449535156249837e+00
1.424846209635416416e+00
1.423248634114583355e+00
1.421657407552083141e+00
1.420073161458333288e+00
1.418496498697916719e+00
1.416927888020833359e+00
1.415367851562500112e+00
1.413816716145833041e+00
1.412274803385416666e+00
1.410742167968749960e+00
1.409218897135416482e+00
1.407704779947916762e+00
1.406199572916666751e+00
1.404702843749999985e+00
1.403213977864583129e+00
1.401732305989583649e+00
1.400256992187500105e+00
1.398787182291666653e+00
1.397321835937499701e+00
1.395860040364583332e+00
1.394400710937499843e+00
1.392942932291666880e+00
1.391485740885416655e+00
1.390028269531249805e+00
1.388569778645833308e+00
1.387109631510416774e+00
1.385647364583333152e+00
1.384182489583333231e+00
1.382714786458333345e+00
1.381244126302083153e+00
1.379770415364583558e+00
1.378293718750000174e+00
1.376814256510416667e+00
1.375332152343750058e+00
1.373847638020833317e+00
1.372361009114583474e+00
1.370872475260416889e+00
1.369382403645833080e+00
1.367890936197916574e+00
1.366398390624999903e+00
1.364904959635416803e+00
1.363410856770833179e+00
1.361916302083333363e+00
1.360421486979166650e+00
1.358926653645833538e+00
1.357432054687500056e+00
1.355937968750000167e+00
1.354444789062499988e+00
1.352952808593750111e+00
1.351462490885416701e+00
1.349974279947916855e+00
1.348488661458333127e+00
1.347006083333333493e+00
1.345527125000000046e+00
1.344052196614583083e+00
1.342581661458333242e+00
1.341115975260416704e+00
1.339655333333333198e+00
1.338199917968750041e+00
1.336749692708333326e+00
1.335304588541666559e+00
1.333864315104166698e+00
1.332428481770833395e+00
1.330996506510416788e+00
1.329567739583333408e+00
1.328141319010416765e+00
1.326716444010416884e+00
1.325292092447916570e+00
1.323867223958333339e+00
1.322440908854166652e+00
1.321012104166666701e+00
1.319579885416666709e+00
1.318143369791666686e+00
1.316701786458333467e+00
1.315254477864583160e+00
1.313800910156250223e+00
1.312340665364583492e+00
1.310873407552083370e+00
1.309398955729166536e+00
1.307917303385416785e+00
1.306428300781250051e+00
1.304932118489583237e+00
1.303428778645833397e+00
1.301918402343750003e+00
1.300401044270833362e+00
1.298876882812500133e+00
1.297345874999999982e+00
1.295808131510416628e+00
1.294263591145833336e+00
1.292712240885416586e+00
1.291153950520833371e+00
1.289588705729166618e+00
1.288016372395833331e+00
1.286436901041666525e+00
1.284850183593750028e+00
1.283256298177083421e+00
1.281655264322916654e+00
1.280047053385416689e+00
1.278431925781249978e+00
1.276809970052083187e+00
1.275181408854166643e+00
1.273546451822916703e+00
1.271905311197916610e+00
1.270258156249999937e+00
1.268605110677083259e+00
1.266946213541666699e+00
1.265281382812500022e+00
1.263610436197916576e+00
1.261933058593750046e+00
1.260248768229166538e+00
1.258556927083333221e+00
1.256856742187500098e+00
1.255147401041666777e+00
1.253427808593749804e+00
1.251696861979166631e+00
1.249953351562499870e+00
1.248196053385416615e+00
1.246423718750000020e+00
1.244635058593750010e+00
1.242828953124999858e+00
1.241004273437499750e+00
1.239159963541666576e+00
1.237295138020833241e+00
1.235408975260416709e+00
1.233500746093749934e+00
1.231569884114583457e+00
1.229615848958333535e+00
1.227638231770833421e+00
1.225636627604166584e+00
1.223610669270833284e+00
1.221559988281250009e+00
1.219484203124999944e+00
1.217382895833333256e+00
1.215255561197916778e+00
1.213101755208333410e+00
1.210920792968749993e+00
1.208712074218749821e+00
1.206474906249999979e+00
1.204208527343749946e+00
1.201912157552083471e+00
1.199585071614583498e+00
1.197226518229166592e+00
1.194835774739583245e+00
1.192412152343750087e+00
1.189955045572916648e+00
1.187463880208333267e+00
1.184938100260416682e+00
1.182377222656249893e+00
1.179780764322916786e+00
1.177148290364583127e+00
1.174479238281249893e+00
1.171773092447916609e+00
1.169029210937499785e+00
1.166246838541666664e+00
1.163425148437500001e+00
1.160563058593750085e+00
1.157659382812499915e+00
1.154712811197916578e+00
1.151721845052083415e+00
1.148684875000000050e+00
1.145600111979166558e+00
1.142465720052083356e+00
1.139279707031249922e+00
1.136040096354166584e+00
1.132744877604166645e+00
1.129392075520833316e+00
1.125979727864583335e+00
1.122505976562499841e+00
1.118968997395833442e+00
1.115367110677083273e+00
1.111698743489583308e+00
1.107962343749999912e+00
1.104156529947916576e+00
1.100279903645833279e+00
1.096331188802083245e+00
1.092309024739583245e+00
1.088212087239583292e+00
1.084039059895833157e+00
1.079788582031249833e+00
1.075459111979166771e+00
1.071049151041666869e+00
1.066557118489583234e+00
1.061981264322916729e+00
1.057319881510416559e+00
1.052570273437499981e+00
1.047728381510416584e+00
1.042792526041666612e+00
1.037761308593750043e+00
1.032633731770833174e+00
1.027409153645833406e+00
1.022087377604166569e+00
1.016668739583333370e+00
1.011154252604166581e+00
1.005545352343750087e+00
9.998441667968750446e-01
9.940533397135417060e-01
9.881760667968749745e-01
9.822160002604166662e-01
9.761772485677083777e-01
9.700642686197916698e-01
9.638818182291667425e-01
9.576350930989582233e-01
9.513294230468748447e-01
9.449701184895834549e-01
9.385627625000000362e-01
9.321130304687500479e-01
9.256266785156249677e-01
9.191094062500000383e-01
9.125669433593750490e-01
9.060050834635416939e-01
8.994295743489582051e-01
8.928461484375000978e-01
8.862604843750000461e-01
8.796781769531248907e-01
8.731049533854166045e-01
8.665462251302082919e-01
8.600073967447915413e-01
8.534937350260417555e-01
8.470103348958333278e-01
8.405621048177084331e-01
8.341537204427083019e-01
8.277896092447916132e-01
8.214739208333333709e-01
8.152104989583333072e-01
8.090029036458332712e-01
8.028543699218749774e-01
7.967678421875000749e-01
7.907459622395833776e-01
7.847911111979167798e-01
7.789054196614583203e-01
7.730908078124999472e-01
7.673489993489583938e-01
7.616815649739582250e-01
7.560899460937499095e-01
7.505754699218750714e-01
7.451393714843749239e-01
7.397827930989583356e-01
7.345067928385417000e-01
7.293123319010416106e-01
7.242002526041666499e-01
7.191712570312499553e-01
7.142258927083333653e-01
7.093644964843749401e-01
7.045871882812501097e-01
6.998938312500001535e-01
6.952839897135416614e-01
6.907569045572916622e-01
6.863117825520834714e-01
6.819477872395833806e-01
6.776621096354166207e-01
6.734532493489583382e-01
6.693189601562498092e-01
6.652566391927082767e-01
6.612633769531249817e-01
6.573359632812499909e-01
6.534708980468749706e-01
6.496643921874999394e-01
6.459123479166666293e-01
6.422103641927082718e-01
6.385537071614583171e-01
6.349372718750000422e-01
6.313555597656249629e-01
6.278026246093749707e-01
6.242720708333333590e-01
6.207568226562499847e-01
6.172490860677083413e-01
6.137408660156249418e-01
6.102230942708333217e-01
6.066859493489582533e-01
6.031187532552083619e-01
5.995099082031249971e-01
5.958468279947917168e-01
5.921158757812500228e-01
5.883022899739582812e-01
5.843901589843749633e-01
5.803618144531249579e-01
5.761870773437499649e-01
5.718962180989582977e-01
