# relative error [-]
5.000000e-02
5.210212e-02
7.425055e-02
7.018345e-02
6.384923e-02
6.342411e-02
6.559294e-02
6.372255e-02
5.662850e-02
5.034034e-02
5.188237e-02
5.881393e-02
6.326855e-02
6.650880e-02
6.962680e-02
7.240106e-02
7.413779e-02
7.481251e-02
7.594992e-02
7.594942e-02
7.633778e-02
7.784779e-02
8.118200e-02
8.564856e-02
9.040444e-02
9.429146e-02
9.661221e-02
9.701908e-02
9.507781e-02
9.151239e-02
8.778605e-02
8.478340e-02
8.321755e-02
8.301345e-02
8.405992e-02
8.613773e-02
8.876628e-02
9.133585e-02
9.320728e-02
9.401945e-02
9.372664e-02
9.260545e-02
9.107911e-02
8.953246e-02
8.814208e-02
8.688403e-02
8.564584e-02
8.431248e-02
8.285274e-02
8.127634e-02
7.964406e-02
7.809810e-02
7.677108e-02
7.580289e-02
7.529719e-02
7.531349e-02
7.589100e-02
7.704550e-02
7.876525e-02
8.099716e-02
8.365463e-02
8.661819e-02
8.973985e-02
9.289992e-02
9.602039e-02
9.904396e-02
1.019316e-01
1.046529e-01
1.071606e-01
1.093814e-01
1.113192e-01
1.130631e-01
1.146308e-01
1.159498e-01
1.169424e-01
1.175919e-01
1.178583e-01
1.178247e-01
1.176080e-01
1.171632e-01
1.164277e-01
1.154416e-01
1.142516e-01
1.128876e-01
1.113937e-01
1.097977e-01
1.081103e-01
1.063133e-01
1.043723e-01
1.022755e-01
1.000968e-01
9.802300e-02
9.624726e-02
9.482238e-02
9.374725e-02
9.311824e-02
9.289026e-02
9.288717e-02
9.302501e-02
9.329469e-02
9.367856e-02
9.417163e-02
9.475597e-02
9.537778e-02
9.593892e-02
9.628174e-02
9.630307e-02
9.612720e-02
9.585742e-02
9.500424e-02
9.315054e-02
9.120147e-02
9.018029e-02
9.017905e-02
9.093317e-02
9.269914e-02
9.613996e-02
1.010772e-01
1.059034e-01
1.096630e-01
1.128161e-01
1.152087e-01
1.168702e-01
1.195751e-01
1.238196e-01
1.283128e-01
1.326501e-01
1.369250e-01
1.411752e-01
1.452329e-01
1.488347e-01
1.518324e-01
1.544451e-01
1.563835e-01
1.576089e-01
1.572393e-01
1.499222e-01
1.439763e-01
1.399653e-01
1.385993e-01
1.418285e-01
1.505087e-01
1.591389e-01
1.653195e-01
1.710133e-01
1.769901e-01
1.830203e-01
1.884467e-01
1.936083e-01
1.985954e-01
2.034948e-01
2.079743e-01
2.120568e-01
2.154875e-01
2.182563e-01
2.205777e-01
2.227501e-01
2.249864e-01
2.273613e-01
2.298303e-01
2.324234e-01
2.349956e-01
2.373340e-01
2.391103e-01
2.400952e-01
2.404540e-01
2.401814e-01
2.396412e-01
2.388094e-01
2.387462e-01
2.392287e-01
2.399280e-01
2.413605e-01
2.427599e-01
2.440956e-01
2.452156e-01
2.467034e-01
2.485911e-01
2.500872e-01
2.528495e-01
2.570419e-01
2.625971e-01
2.645003e-01
2.643613e-01
2.643048e-01
2.645201e-01
2.662711e-01
2.684947e-01
2.710911e-01
2.741326e-01
2.777258e-01
2.818949e-01
2.865832e-01
2.914217e-01
2.961517e-01
3.004241e-01
3.044074e-01
3.081944e-01
3.120120e-01
3.162458e-01
3.208203e-01
3.254782e-01
3.300246e-01
3.345537e-01
3.393425e-01
3.446836e-01
3.507107e-01
3.574969e-01
3.647887e-01
3.720171e-01
3.785160e-01
3.837795e-01
3.875084e-01
3.898922e-01
3.913687e-01
3.925827e-01
3.942078e-01
3.961853e-01
3.975376e-01
3.976870e-01
3.967403e-01
3.962881e-01
3.939198e-01
3.900491e-01
3.873523e-01
3.862611e-01
3.860350e-01
3.859952e-01
3.859897e-01
3.856344e-01
3.848157e-01
3.826095e-01
3.782716e-01
3.734118e-01
3.679422e-01
3.622431e-01
3.560016e-01
3.499141e-01
3.444590e-01
3.391610e-01
3.332651e-01
3.263163e-01
3.195444e-01
3.145993e-01
3.131463e-01
3.155240e-01
3.193461e-01
3.215188e-01
3.198196e-01
3.158761e-01
3.121235e-01
3.117783e-01
3.148079e-01
3.204550e-01
3.276236e-01
3.346937e-01
3.419470e-01
3.480955e-01
3.523353e-01
3.543459e-01
3.541663e-01
3.524518e-01
3.503491e-01
3.499888e-01
3.501378e-01
3.505505e-01
3.507871e-01
3.502465e-01
3.485387e-01
3.454573e-01
3.404018e-01
3.340452e-01
3.267742e-01
3.191550e-01
3.134421e-01
3.082508e-01
3.048664e-01
3.023497e-01
3.004999e-01
2.992900e-01
2.989006e-01
2.996399e-01
3.011605e-01
3.026991e-01
3.036611e-01
3.038906e-01
3.038939e-01
3.023738e-01
2.966967e-01
2.872836e-01
2.762759e-01
2.691715e-01
2.686401e-01
2.718078e-01
2.744095e-01
2.747379e-01
2.731877e-01
2.708383e-01
2.689048e-01
2.682246e-01
2.711109e-01
2.747488e-01
2.803936e-01
2.862504e-01
2.912001e-01
2.950843e-01
2.983251e-01
3.026281e-01
3.054988e-01
3.089857e-01
3.133011e-01
3.183272e-01
3.235650e-01
3.294716e-01
3.339905e-01
3.391482e-01
3.439822e-01
3.484287e-01
3.530339e-01
3.564428e-01
3.593076e-01
3.618186e-01
3.645030e-01
3.664557e-01
3.678954e-01
3.675457e-01
3.679828e-01
3.684711e-01
3.721275e-01
3.791838e-01
3.907698e-01
4.019736e-01
4.083636e-01
4.054813e-01
3.898928e-01
3.701543e-01
3.582789e-01
3.535462e-01
3.519193e-01
3.523421e-01
3.528175e-01
3.535860e-01
3.546618e-01
3.575356e-01
3.610536e-01
3.646984e-01
3.690099e-01
3.736566e-01
3.788174e-01
3.842031e-01
3.908026e-01
3.975956e-01
4.033265e-01
4.100156e-01
4.141389e-01
4.188835e-01
4.240882e-01
4.308760e-01
4.398551e-01
4.494850e-01
4.580377e-01
4.668257e-01
4.751305e-01
4.831012e-01
4.902531e-01
4.979456e-01
5.056688e-01
5.134698e-01
5.210583e-01
5.271625e-01
5.329081e-01
5.371756e-01
5.402111e-01
5.430643e-01
5.459126e-01
5.496030e-01
5.528190e-01
5.552371e-01
5.571525e-01
5.587599e-01
5.604324e-01
5.627102e-01
5.651685e-01
5.692035e-01
5.744070e-01
5.805324e-01
5.865026e-01
5.916033e-01
5.958829e-01
5.996339e-01
6.029543e-01
6.057386e-01
6.080267e-01
6.093167e-01
6.100689e-01
6.108447e-01
6.119050e-01
6.132505e-01
6.147457e-01
6.164036e-01
6.181976e-01
6.200628e-01
6.218978e-01
6.234004e-01
6.240727e-01
6.238709e-01
6.235707e-01
6.235143e-01
6.231411e-01
6.219870e-01
6.195887e-01
6.159164e-01
6.118806e-01
6.065367e-01
6.011369e-01
5.959035e-01
5.908136e-01
5.858378e-01
5.812318e-01
5.771936e-01
5.738332e-01
5.720492e-01
5.699653e-01
5.678377e-01
5.648495e-01
5.607647e-01
5.562143e-01
5.526864e-01
5.487195e-01
5.449024e-01
5.409075e-01
5.365440e-01
5.324614e-01
5.274945e-01
5.223602e-01
5.170774e-01
5.122739e-01
5.066678e-01
5.010703e-01
4.956808e-01
4.912923e-01
4.870399e-01
4.835634e-01
4.810089e-01
4.796434e-01
4.782605e-01
4.770006e-01
4.762752e-01
4.755478e-01
4.753762e-01
4.754944e-01
4.749589e-01
4.731884e-01
4.702336e-01
4.659202e-01
4.609839e-01
4.556780e-01
4.499355e-01
4.438729e-01
4.370765e-01
4.296906e-01
4.217163e-01
4.136812e-01
4.057454e-01
3.978792e-01
3.896873e-01
3.815324e-01
3.730988e-01
3.644138e-01
3.552951e-01
3.463268e-01
3.371377e-01
3.278449e-01
3.186871e-01
3.096041e-01
3.013101e-01
2.952054e-01
2.890381e-01
2.838538e-01
2.818036e-01
2.778211e-01
2.742752e-01
2.691684e-01
2.634170e-01
2.572874e-01
2.507495e-01
2.441319e-01
2.374220e-01
2.308356e-01
2.243272e-01
2.180061e-01
2.118383e-01
2.060833e-01
2.006361e-01
1.954605e-01
1.906155e-01
1.861040e-01
1.815959e-01
1.782491e-01
1.753653e-01
1.728188e-01
1.706691e-01
1.688632e-01
1.672394e-01
1.658386e-01
1.646571e-01
1.636217e-01
1.627467e-01
1.620909e-01
1.616525e-01
1.613981e-01
1.613753e-01
1.616487e-01
1.623035e-01
1.633205e-01
1.642616e-01
1.642068e-01
1.624128e-01
1.589485e-01
1.543700e-01
1.495338e-01
1.450796e-01
1.414176e-01
1.388815e-01
1.376702e-01
1.373606e-01
1.374483e-01
1.376596e-01
1.379437e-01
1.384138e-01
1.391540e-01
1.394620e-01
1.379215e-01
1.341829e-01
1.297229e-01
1.274492e-01
1.272292e-01
1.274277e-01
1.275321e-01
1.276258e-01
1.277804e-01
1.280180e-01
1.283468e-01
1.287579e-01
1.292234e-01
1.297250e-01
1.302893e-01
1.309769e-01
1.316894e-01
1.321025e-01
1.319001e-01
1.310716e-01
1.301028e-01
1.293023e-01
1.286467e-01
1.280278e-01
1.273925e-01
1.267596e-01
1.261821e-01
1.256712e-01
1.251819e-01
1.246157e-01
1.237977e-01
1.226468e-01
1.213918e-01
1.203304e-01
1.192450e-01
1.179439e-01
1.165755e-01
1.153721e-01
1.144727e-01
1.138892e-01
1.135555e-01
1.133728e-01
1.132657e-01
1.131940e-01
1.131420e-01
1.131056e-01
1.130852e-01
1.130831e-01
1.131016e-01
1.131423e-01
1.132060e-01
1.132924e-01
1.133995e-01
1.135246e-01
1.136682e-01
1.138386e-01
1.140521e-01
1.143276e-01
1.146753e-01
1.150768e-01
1.154883e-01
1.158491e-01
1.161125e-01
1.162763e-01
1.163646e-01
1.164506e-01
1.166610e-01
1.169733e-01
1.173076e-01
1.175626e-01
1.176785e-01
1.176643e-01
1.175773e-01
1.174757e-01
1.174105e-01
1.174272e-01
1.175525e-01
1.177902e-01
1.181151e-01
1.184857e-01
1.188650e-01
1.192308e-01
1.195734e-01
1.198867e-01
1.201687e-01
1.204077e-01
1.205902e-01
1.207105e-01
1.207650e-01
1.207544e-01
1.206844e-01
1.205710e-01
1.204351e-01
1.202948e-01
1.201581e-01
1.200222e-01
1.198762e-01
1.196864e-01
1.193693e-01
1.187883e-01
1.179089e-01
1.168204e-01
1.155545e-01
1.142974e-01
1.131824e-01
1.122023e-01
1.113374e-01
1.105986e-01
1.101333e-01
1.100265e-01
1.102060e-01
1.105474e-01
1.109436e-01
1.113384e-01
1.117028e-01
1.120336e-01
1.123360e-01
1.126268e-01
1.129201e-01
1.132325e-01
1.135714e-01
1.139434e-01
1.143476e-01
1.147842e-01
1.152482e-01
1.157362e-01
1.162427e-01
1.167592e-01
1.172816e-01
1.178075e-01
1.183437e-01
1.189069e-01
1.195202e-01
1.201990e-01
1.209183e-01
1.215677e-01
1.219711e-01
1.220244e-01
1.216345e-01
1.205614e-01
1.187445e-01
1.163351e-01
1.134324e-01
1.103428e-01
1.075804e-01
1.055880e-01
1.045468e-01
1.043033e-01
1.045040e-01
1.048755e-01
1.053231e-01
1.058124e-01
1.062946e-01
1.067163e-01
1.070371e-01
1.072465e-01
1.073491e-01
1.072762e-01
1.067226e-01
1.053866e-01
1.033027e-01
1.013324e-01
1.004400e-01
1.003681e-01
1.005170e-01
1.006979e-01
1.009402e-01
1.012792e-01
1.017324e-01
1.023046e-01
1.029671e-01
1.036091e-01
1.040596e-01
1.042746e-01
1.044980e-01
1.049840e-01
1.056740e-01
1.063647e-01
1.069449e-01
1.074117e-01
1.077951e-01
1.081209e-01
1.084064e-01
1.086623e-01
1.088956e-01
1.091050e-01
1.092794e-01
1.094010e-01
1.094544e-01
1.094358e-01
1.093564e-01
1.092365e-01
1.090972e-01
1.089542e-01
1.088163e-01
1.086869e-01
1.085663e-01
1.084546e-01
1.083524e-01
1.082627e-01
1.081897e-01
1.081377e-01
1.081099e-01
1.081073e-01
1.081283e-01
1.081678e-01
1.082162e-01
1.082587e-01
1.082744e-01
1.082388e-01
1.081284e-01
1.079282e-01
1.076356e-01
1.072613e-01
1.068236e-01
1.063399e-01
1.058290e-01
1.053091e-01
1.047952e-01
1.042972e-01
1.038199e-01
1.033645e-01
1.029286e-01
1.025058e-01
1.020860e-01
1.016574e-01
1.012099e-01
1.007378e-01
1.002418e-01
9.972847e-02
9.920695e-02
9.868643e-02
9.817310e-02
9.766792e-02
9.717072e-02
9.667781e-02
9.618754e-02
9.569747e-02
9.520139e-02
9.469404e-02
9.418988e-02
9.373421e-02
9.338076e-02
9.315121e-02
9.302932e-02
9.298903e-02
9.301751e-02
9.309345e-02
9.310835e-02
9.283236e-02
9.204580e-02
9.046150e-02
8.817828e-02
8.580186e-02
8.383816e-02
8.242553e-02
8.148575e-02
8.088306e-02
8.049173e-02
8.022772e-02
8.004530e-02
7.991438e-02
7.975839e-02
7.942572e-02
7.875980e-02
7.776844e-02
7.658597e-02
7.540644e-02
7.461254e-02
7.442343e-02
7.465744e-02
7.500449e-02
7.529494e-02
7.549532e-02
7.561052e-02
7.562167e-02
7.549147e-02
7.523554e-02
7.499563e-02
7.493256e-02
7.509426e-02
7.543516e-02
7.589300e-02
7.643691e-02
7.705651e-02
7.774113e-02
7.847163e-02
7.922168e-02
7.996813e-02
8.069724e-02
8.140760e-02
8.210800e-02
8.280131e-02
8.345397e-02
8.397758e-02
8.425277e-02
8.419735e-02
8.381159e-02
8.320605e-02
8.264645e-02
8.242281e-02
8.269846e-02
8.344510e-02
8.451412e-02
8.576067e-02
8.711327e-02
8.857066e-02
9.014008e-02
9.182349e-02
9.354638e-02
9.512682e-02
9.639217e-02
9.728072e-02
9.784394e-02
9.817986e-02
9.835499e-02
9.842856e-02
9.844547e-02
9.843210e-02
9.840463e-02
9.836303e-02
9.829053e-02
9.817628e-02
9.803507e-02
9.789583e-02
9.776855e-02
9.763789e-02
9.748275e-02
9.729366e-02
9.707195e-02
9.682118e-02
9.653713e-02
9.620851e-02
9.583151e-02
9.543302e-02
9.506323e-02
9.475525e-02
9.450139e-02
9.427052e-02
9.403718e-02
9.379157e-02
9.353873e-02
9.329584e-02
9.309062e-02
9.295260e-02
9.290335e-02
9.295035e-02
9.308844e-02
9.330600e-02
9.359041e-02
9.392828e-02
9.430594e-02
9.470874e-02
9.512224e-02
9.553580e-02
9.594683e-02
9.636145e-02
9.679070e-02
9.724491e-02
9.772994e-02
9.824579e-02
9.878569e-02
9.933432e-02
9.986625e-02
1.003469e-01
1.007383e-01
1.010129e-01
1.011675e-01
1.012241e-01
1.012120e-01
1.011494e-01
1.010372e-01
1.008668e-01
1.006315e-01
1.003367e-01
9.999780e-02
9.963457e-02
9.926259e-02
9.889136e-02
9.852444e-02
9.816075e-02
9.779813e-02
9.743333e-02
9.706126e-02
9.667476e-02
9.626420e-02
9.581958e-02
9.533364e-02
9.480371e-02
9.423016e-02
9.361539e-02
9.296580e-02
9.229524e-02
9.161546e-02
9.090540e-02
9.003684e-02
8.884948e-02
8.733231e-02
8.559975e-02
8.375300e-02
8.183005e-02
7.987102e-02
7.796946e-02
7.621519e-02
7.464915e-02
7.327182e-02
7.208727e-02
7.110167e-02
7.031000e-02
6.968369e-02
6.918524e-02
6.877623e-02
6.841770e-02
6.807280e-02
6.772165e-02
6.737833e-02
6.708700e-02
6.689205e-02
6.676317e-02
6.673582e-02
6.713978e-02
6.831419e-02
7.014963e-02
7.218201e-02
7.400395e-02
7.544072e-02
7.648213e-02
7.718387e-02
7.761583e-02
7.785021e-02
7.795178e-02
7.798222e-02
7.799831e-02
7.803679e-02
7.810311e-02
7.817511e-02
7.822637e-02
7.824761e-02
7.824483e-02
7.821812e-02
7.814147e-02
7.798669e-02
7.776944e-02
7.755506e-02
7.739667e-02
7.728250e-02
7.716609e-02
7.700440e-02
7.676691e-02
7.643354e-02
7.599742e-02
7.546736e-02
7.486104e-02
7.419405e-02
7.347349e-02
7.269835e-02
7.186596e-02
7.097593e-02
7.003089e-02
6.903511e-02
6.799259e-02
6.690587e-02
6.577420e-02
6.459170e-02
6.334795e-02
6.203152e-02
6.063753e-02
5.917752e-02
5.767918e-02
5.617006e-02
5.466234e-02
5.315314e-02
5.163414e-02
5.008893e-02
5.000000e-02
5.000000e-02
5.000000e-02
5.000000e-02
5.000000e-02
5.000000e-02
5.000000e-02
5.000000e-02
5.000000e-02
5.000000e-02
5.000000e-02
5.000000e-02
5.000000e-02
5.000000e-02
5.000000e-02
5.000000e-02
5.000000e-02
5.000000e-02
