# simulation time [s]
0.000000e+00
3.419244e+10
6.838489e+10
1.025773e+11
1.367698e+11
1.709622e+11
2.051547e+11
2.393471e+11
2.735395e+11
3.077320e+11
3.419244e+11
3.761169e+11
4.103093e+11
4.445018e+11
4.786942e+11
5.128866e+11
5.470791e+11
5.812715e+11
6.154640e+11
6.496564e+11
6.838489e+11
7.180413e+11
7.522337e+11
7.864262e+11
8.206186e+11
8.548111e+11
8.890035e+11
9.231960e+11
9.573884e+11
9.915809e+11
1.025773e+12
1.059966e+12
1.094158e+12
1.128351e+12
1.162543e+12
1.196736e+12
1.230928e+12
1.265120e+12
1.299313e+12
1.333505e+12
1.367698e+12
1.401890e+12
1.436083e+12
1.470275e+12
1.504467e+12
1.538660e+12
1.572852e+12
1.607045e+12
1.641237e+12
1.675430e+12
1.709622e+12
1.743815e+12
1.778007e+12
1.812199e+12
1.846392e+12
1.880584e+12
1.914777e+12
1.948969e+12
1.983162e+12
2.017354e+12
2.051547e+12
2.085739e+12
2.119931e+12
2.154124e+12
2.188316e+12
2.222509e+12
2.256701e+12
2.290894e+12
2.325086e+12
2.359279e+12
2.393471e+12
2.427663e+12
2.461856e+12
2.496048e+12
2.530241e+12
2.564433e+12
2.598626e+12
2.632818e+12
2.667011e+12
2.701203e+12
2.735395e+12
2.769588e+12
2.803780e+12
2.837973e+12
2.872165e+12
2.906358e+12
2.940550e+12
2.974743e+12
3.008935e+12
3.043127e+12
3.077320e+12
3.111512e+12
3.145705e+12
3.179897e+12
3.214090e+12
3.248282e+12
3.282475e+12
3.316667e+12
3.350859e+12
3.385052e+12
3.419244e+12
3.453437e+12
3.487629e+12
3.521822e+12
3.556014e+12
3.590207e+12
3.624399e+12
3.658591e+12
3.692784e+12
3.726976e+12
3.761169e+12
3.795361e+12
3.829554e+12
3.863746e+12
3.897939e+12
3.932131e+12
3.966323e+12
4.000516e+12
4.034708e+12
4.068901e+12
4.103093e+12
4.137286e+12
4.171478e+12
4.205671e+12
4.239863e+12
4.274055e+12
4.308248e+12
4.342440e+12
4.376633e+12
4.410825e+12
4.445018e+12
4.479210e+12
4.513402e+12
4.547595e+12
4.581787e+12
4.615980e+12
4.650172e+12
4.684365e+12
4.718557e+12
4.752750e+12
4.786942e+12
4.821134e+12
4.855327e+12
4.889519e+12
4.923712e+12
4.957904e+12
4.992097e+12
5.026289e+12
5.060482e+12
5.094674e+12
5.128866e+12
5.163059e+12
5.197251e+12
5.231444e+12
5.265636e+12
5.299829e+12
5.334021e+12
5.368214e+12
5.402406e+12
5.436598e+12
5.470791e+12
5.504983e+12
5.539176e+12
5.573368e+12
5.607561e+12
5.641753e+12
5.675946e+12
5.710138e+12
5.744330e+12
5.778523e+12
5.812715e+12
5.846908e+12
5.881100e+12
5.915293e+12
5.949485e+12
5.983678e+12
6.017870e+12
6.052062e+12
6.086255e+12
6.120447e+12
6.154640e+12
6.188832e+12
6.223025e+12
6.257217e+12
6.291410e+12
6.325602e+12
6.359794e+12
6.393987e+12
6.428179e+12
6.462372e+12
6.496564e+12
6.530757e+12
6.564949e+12
6.599142e+12
6.633334e+12
6.667526e+12
6.701719e+12
6.735911e+12
6.770104e+12
6.804296e+12
6.838489e+12
6.872681e+12
6.906874e+12
6.941066e+12
6.975258e+12
7.009451e+12
7.043643e+12
7.077836e+12
7.112028e+12
7.146221e+12
7.180413e+12
7.214606e+12
7.248798e+12
7.282990e+12
7.317183e+12
7.351375e+12
7.385568e+12
7.419760e+12
7.453953e+12
7.488145e+12
7.522337e+12
7.556530e+12
7.590722e+12
7.624915e+12
7.659107e+12
7.693300e+12
7.727492e+12
7.761685e+12
7.795877e+12
7.830069e+12
7.864262e+12
7.898454e+12
7.932647e+12
7.966839e+12
8.001032e+12
8.035224e+12
8.069417e+12
8.103609e+12
8.137801e+12
8.171994e+12
8.206186e+12
8.240379e+12
8.274571e+12
8.308764e+12
8.342956e+12
8.377149e+12
8.411341e+12
8.445533e+12
8.479726e+12
8.513918e+12
8.548111e+12
8.582303e+12
8.616496e+12
8.650688e+12
8.684881e+12
8.719073e+12
8.753265e+12
8.787458e+12
8.821650e+12
8.855843e+12
8.890035e+12
8.924228e+12
8.958420e+12
8.992613e+12
9.026805e+12
9.060997e+12
9.095190e+12
9.129382e+12
9.163575e+12
9.197767e+12
9.231960e+12
9.266152e+12
9.300345e+12
9.334537e+12
9.368729e+12
9.402922e+12
9.437114e+12
9.471307e+12
9.505499e+12
9.539692e+12
9.573884e+12
9.608077e+12
9.642269e+12
9.676461e+12
9.710654e+12
9.744846e+12
9.779039e+12
9.813231e+12
9.847424e+12
9.881616e+12
9.915809e+12
9.950001e+12
9.984193e+12
1.001839e+13
1.005258e+13
1.008677e+13
1.012096e+13
1.015516e+13
1.018935e+13
1.022354e+13
1.025773e+13
1.029193e+13
1.032612e+13
1.036031e+13
