# relative error [-]
5.000000e-02
5.000000e-02
5.000000e-02
5.000000e-02
5.000000e-02
5.000000e-02
5.000000e-02
5.000000e-02
5.000000e-02
5.000000e-02
5.000000e-02
5.000000e-02
5.000000e-02
5.000000e-02
5.000000e-02
5.000000e-02
5.000000e-02
5.000000e-02
5.000000e-02
5.000000e-02
5.000000e-02
5.049464e-02
5.173706e-02
5.304071e-02
5.410692e-02
5.515046e-02
5.640027e-02
5.768017e-02
5.878731e-02
5.979500e-02
6.082657e-02
6.183135e-02
6.269996e-02
6.342402e-02
6.411809e-02
6.488618e-02
6.571708e-02
6.654013e-02
6.734858e-02
6.819690e-02
6.911893e-02
7.012284e-02
7.118254e-02
7.225662e-02
7.331954e-02
7.437616e-02
7.543506e-02
7.648742e-02
7.751733e-02
7.850462e-02
7.942921e-02
8.027711e-02
8.104769e-02
8.174921e-02
8.238914e-02
8.296744e-02
8.348702e-02
8.396984e-02
8.444915e-02
8.495775e-02
8.552260e-02
8.616323e-02
8.689016e-02
8.770218e-02
8.858980e-02
8.953773e-02
9.052588e-02
9.153866e-02
9.255911e-02
9.357844e-02
9.458610e-02
9.557468e-02
9.653808e-02
9.746762e-02
9.835363e-02
9.918453e-02
9.994494e-02
1.006173e-01
1.011856e-01
1.016467e-01
1.020021e-01
1.022677e-01
1.024691e-01
1.026443e-01
1.028292e-01
1.030599e-01
1.033699e-01
1.037882e-01
1.043393e-01
1.050495e-01
1.059331e-01
1.070017e-01
1.082638e-01
1.097069e-01
1.113257e-01
1.130945e-01
1.150002e-01
1.170131e-01
1.191095e-01
1.212613e-01
1.234479e-01
1.256428e-01
1.278209e-01
1.299560e-01
1.320363e-01
1.340372e-01
1.359441e-01
1.377453e-01
1.394273e-01
1.409821e-01
1.424120e-01
1.436998e-01
1.448644e-01
1.458828e-01
1.467866e-01
1.475580e-01
1.482269e-01
1.487772e-01
1.492247e-01
1.495625e-01
1.498003e-01
1.499426e-01
1.499801e-01
1.499034e-01
1.497150e-01
1.494078e-01
1.489913e-01
1.484371e-01
1.477840e-01
1.469843e-01
1.460895e-01
1.450884e-01
1.439941e-01
1.428781e-01
1.416794e-01
1.403809e-01
1.392367e-01
1.379686e-01
1.368695e-01
1.359000e-01
1.350159e-01
1.342963e-01
1.337530e-01
1.333894e-01
1.332485e-01
1.334154e-01
1.336652e-01
1.343508e-01
1.349927e-01
1.362491e-01
1.374754e-01
1.392435e-01
1.410700e-01
1.430201e-01
1.453494e-01
1.478021e-01
1.503263e-01
1.523596e-01
1.537924e-01
1.561649e-01
1.578007e-01
1.546813e-01
1.189083e-01
9.697813e-02
7.264024e-02
6.240486e-02
5.141477e-02
5.000000e-02
5.000000e-02
5.000000e-02
5.000000e-02
5.000000e-02
5.000000e-02
5.000000e-02
5.000000e-02
5.000000e-02
5.000000e-02
5.000000e-02
5.000000e-02
5.000000e-02
5.099358e-02
5.179596e-02
5.239839e-02
5.279451e-02
5.300740e-02
5.309132e-02
5.305431e-02
5.284734e-02
5.244165e-02
5.188221e-02
5.119937e-02
5.148990e-02
5.060444e-02
5.000000e-02
5.000000e-02
5.000000e-02
5.000000e-02
5.000000e-02
5.025246e-02
5.160565e-02
5.455653e-02
5.776823e-02
6.202332e-02
7.170680e-02
7.992729e-02
9.006063e-02
1.139706e-01
1.322237e-01
1.736238e-01
1.870400e-01
1.867112e-01
1.840604e-01
1.814020e-01
1.776498e-01
1.750059e-01
1.712463e-01
1.686012e-01
1.652748e-01
1.620954e-01
1.593622e-01
1.565836e-01
1.539337e-01
1.516683e-01
1.498296e-01
1.480270e-01
1.462703e-01
1.446191e-01
1.431027e-01
1.417244e-01
1.403051e-01
1.392132e-01
1.383130e-01
1.373806e-01
1.363960e-01
1.357623e-01
1.351473e-01
1.344842e-01
1.341033e-01
1.336079e-01
1.333416e-01
1.330927e-01
1.328403e-01
1.327396e-01
1.326882e-01
1.325605e-01
1.326028e-01
1.326988e-01
1.328247e-01
1.329839e-01
1.331798e-01
1.334128e-01
1.336802e-01
1.339789e-01
1.343081e-01
1.346542e-01
1.350457e-01
1.354377e-01
1.358436e-01
1.362618e-01
1.367059e-01
1.371397e-01
1.375919e-01
1.380318e-01
1.384826e-01
1.389178e-01
1.393567e-01
1.397839e-01
1.402011e-01
1.406000e-01
1.409920e-01
1.413635e-01
1.417194e-01
1.420564e-01
1.423722e-01
1.426662e-01
1.429376e-01
1.431880e-01
1.434115e-01
1.436120e-01
1.437860e-01
1.439357e-01
1.440574e-01
1.441533e-01
1.442225e-01
1.442649e-01
1.442799e-01
1.442673e-01
1.442280e-01
1.441606e-01
1.440657e-01
1.439451e-01
1.437982e-01
1.436243e-01
1.434250e-01
1.432016e-01
1.429545e-01
1.426844e-01
1.423917e-01
1.420770e-01
1.417417e-01
1.413874e-01
1.410135e-01
1.406209e-01
1.402107e-01
1.397832e-01
1.393385e-01
1.388782e-01
1.384019e-01
1.379108e-01
1.374052e-01
1.368854e-01
1.363519e-01
1.358052e-01
1.352453e-01
1.346726e-01
1.340879e-01
1.334920e-01
1.328848e-01
1.322661e-01
1.316373e-01
1.309985e-01
1.303490e-01
1.296915e-01
1.290243e-01
1.283489e-01
1.276653e-01
1.269763e-01
1.262809e-01
1.255830e-01
1.248838e-01
1.241863e-01
1.234918e-01
1.228027e-01
1.221211e-01
1.214474e-01
1.207817e-01
1.201247e-01
1.194760e-01
1.188351e-01
1.182011e-01
1.175733e-01
1.169509e-01
1.163331e-01
1.157194e-01
1.151085e-01
1.145000e-01
1.138923e-01
1.132861e-01
1.126805e-01
1.120751e-01
1.114691e-01
1.108634e-01
1.102568e-01
1.096500e-01
1.090429e-01
1.084351e-01
1.078272e-01
1.072191e-01
1.066103e-01
1.060019e-01
1.053928e-01
1.047836e-01
1.041734e-01
1.035626e-01
1.029510e-01
1.023374e-01
1.017221e-01
1.011048e-01
1.004850e-01
9.986260e-02
9.923759e-02
9.861030e-02
9.798101e-02
9.735044e-02
9.671908e-02
9.608774e-02
9.545739e-02
9.482860e-02
9.420243e-02
9.357936e-02
9.296014e-02
9.234528e-02
9.173507e-02
9.112990e-02
9.053013e-02
8.993572e-02
8.934677e-02
8.876305e-02
8.818468e-02
8.761142e-02
8.704293e-02
8.647914e-02
8.591977e-02
8.536443e-02
8.481309e-02
8.426544e-02
8.372137e-02
8.318074e-02
8.264341e-02
8.210927e-02
8.157828e-02
8.105014e-02
8.052503e-02
8.000261e-02
7.948279e-02
7.896545e-02
7.845044e-02
7.793727e-02
7.742591e-02
7.691606e-02
7.640740e-02
7.589967e-02
7.539276e-02
7.488654e-02
7.438120e-02
7.387694e-02
7.337420e-02
7.287350e-02
7.237547e-02
7.188054e-02
7.138919e-02
7.090189e-02
7.041899e-02
6.994043e-02
6.946619e-02
6.899645e-02
6.853072e-02
6.806897e-02
6.761085e-02
6.715604e-02
6.670428e-02
6.625520e-02
6.580852e-02
6.536402e-02
6.492131e-02
6.448030e-02
6.404065e-02
6.360229e-02
6.316510e-02
6.272883e-02
6.229349e-02
6.185894e-02
6.142510e-02
6.099183e-02
6.055911e-02
6.012691e-02
5.969515e-02
5.926388e-02
5.883308e-02
5.840285e-02
5.797338e-02
5.754491e-02
5.711773e-02
5.669216e-02
5.626858e-02
5.584742e-02
5.542908e-02
5.501397e-02
5.460242e-02
5.419473e-02
5.379109e-02
5.339170e-02
5.299661e-02
5.260583e-02
5.221932e-02
5.183694e-02
5.145852e-02
5.108391e-02
5.071292e-02
5.034527e-02
5.000000e-02
5.000000e-02
5.000000e-02
5.000000e-02
5.000000e-02
5.000000e-02
5.000000e-02
5.000000e-02
5.000000e-02
5.000000e-02
5.000000e-02
5.000000e-02
5.000000e-02
5.000000e-02
5.000000e-02
5.000000e-02
5.000000e-02
5.000000e-02
5.000000e-02
5.000000e-02
5.000000e-02
5.000000e-02
5.000000e-02
5.000000e-02
5.000000e-02
5.000000e-02
5.000000e-02
5.000000e-02
5.000000e-02
5.000000e-02
5.000000e-02
5.000000e-02
5.000000e-02
5.000000e-02
5.000000e-02
5.000000e-02
5.000000e-02
5.000000e-02
5.000000e-02
5.000000e-02
5.000000e-02
5.000000e-02
5.000000e-02
5.000000e-02
5.000000e-02
5.000000e-02
5.000000e-02
5.000000e-02
5.000000e-02
5.000000e-02
5.000000e-02
5.000000e-02
5.000000e-02
5.000000e-02
5.000000e-02
5.000000e-02
5.000000e-02
5.000000e-02
5.000000e-02
5.000000e-02
5.000000e-02
5.000000e-02
5.000000e-02
5.000000e-02
5.000000e-02
5.000000e-02
5.000000e-02
5.000000e-02
5.000000e-02
5.000000e-02
5.000000e-02
5.000000e-02
5.000000e-02
5.000000e-02
5.000000e-02
5.000000e-02
5.000000e-02
5.000000e-02
5.000000e-02
5.000000e-02
5.000000e-02
5.000000e-02
5.000000e-02
5.000000e-02
5.000000e-02
5.000000e-02
5.000000e-02
5.000000e-02
5.000000e-02
5.000000e-02
5.000000e-02
5.000000e-02
5.000000e-02
5.000000e-02
5.000000e-02
5.000000e-02
5.000000e-02
5.000000e-02
5.000000e-02
5.000000e-02
5.000000e-02
5.000000e-02
5.000000e-02
5.000000e-02
5.000000e-02
5.000000e-02
5.000000e-02
5.000000e-02
5.000000e-02
5.000000e-02
5.000000e-02
5.000000e-02
5.000000e-02
5.000000e-02
5.000000e-02
5.000000e-02
5.000000e-02
5.000000e-02
5.000000e-02
5.000000e-02
5.000000e-02
5.000000e-02
5.000000e-02
5.000000e-02
5.000000e-02
5.000000e-02
5.000000e-02
5.000000e-02
5.000000e-02
5.000000e-02
5.000000e-02
5.000000e-02
5.000000e-02
5.000000e-02
5.000000e-02
5.000000e-02
5.000000e-02
5.000000e-02
5.000000e-02
5.000000e-02
5.000000e-02
5.000000e-02
5.000000e-02
5.000000e-02
5.000000e-02
5.000000e-02
5.000000e-02
5.000000e-02
5.000000e-02
5.000000e-02
5.000000e-02
5.000000e-02
5.000000e-02
5.000000e-02
5.000000e-02
5.000000e-02
5.000000e-02
5.000000e-02
5.000000e-02
5.000000e-02
5.000000e-02
5.000000e-02
5.000000e-02
5.000000e-02
5.000000e-02
5.000000e-02
5.000000e-02
5.000000e-02
5.000000e-02
5.000000e-02
5.000000e-02
5.000000e-02
5.000000e-02
5.000000e-02
5.000000e-02
5.000000e-02
5.000000e-02
5.000000e-02
5.000000e-02
5.000000e-02
5.000000e-02
5.000000e-02
5.000000e-02
5.000000e-02
5.000000e-02
5.000000e-02
5.000000e-02
5.000000e-02
5.000000e-02
5.000000e-02
5.000000e-02
5.000000e-02
5.000000e-02
5.000000e-02
5.000000e-02
5.000000e-02
5.000000e-02
5.000000e-02
5.000000e-02
5.000000e-02
5.000000e-02
5.000000e-02
5.000000e-02
5.000000e-02
5.000000e-02
5.000000e-02
5.000000e-02
5.000000e-02
5.000000e-02
5.000000e-02
5.000000e-02
5.000000e-02
5.000000e-02
5.000000e-02
5.000000e-02
5.000000e-02
5.000000e-02
5.000000e-02
5.000000e-02
5.000000e-02
5.000000e-02
5.000000e-02
5.000000e-02
5.000000e-02
5.000000e-02
5.000000e-02
5.000000e-02
5.000000e-02
5.000000e-02
5.000000e-02
5.000000e-02
5.000000e-02
5.000000e-02
5.000000e-02
5.000000e-02
5.000000e-02
5.000000e-02
5.000000e-02
5.000000e-02
5.000000e-02
5.000000e-02
5.000000e-02
5.000000e-02
5.000000e-02
5.000000e-02
5.000000e-02
5.000000e-02
5.000000e-02
5.000000e-02
5.000000e-02
5.000000e-02
5.000000e-02
5.000000e-02
5.000000e-02
5.000000e-02
5.000000e-02
5.000000e-02
5.000000e-02
5.000000e-02
5.000000e-02
5.000000e-02
5.000000e-02
5.000000e-02
5.000000e-02
5.000000e-02
5.000000e-02
5.000000e-02
5.000000e-02
5.000000e-02
5.000000e-02
5.000000e-02
5.000000e-02
5.000000e-02
5.000000e-02
5.000000e-02
5.000000e-02
5.000000e-02
5.000000e-02
5.000000e-02
5.000000e-02
5.000000e-02
5.000000e-02
5.000000e-02
5.000000e-02
5.000000e-02
5.000000e-02
5.000000e-02
5.000000e-02
5.000000e-02
5.000000e-02
5.000000e-02
5.000000e-02
5.000000e-02
5.000000e-02
5.000000e-02
5.000000e-02
5.000000e-02
5.000000e-02
5.000000e-02
5.000000e-02
5.000000e-02
5.000000e-02
5.000000e-02
5.000000e-02
5.000000e-02
5.000000e-02
5.000000e-02
5.000000e-02
5.000000e-02
5.000000e-02
5.000000e-02
5.000000e-02
5.000000e-02
5.000000e-02
5.000000e-02
5.000000e-02
5.000000e-02
5.000000e-02
5.000000e-02
5.000000e-02
5.000000e-02
5.000000e-02
5.000000e-02
5.000000e-02
5.000000e-02
5.000000e-02
5.000000e-02
5.000000e-02
5.000000e-02
5.000000e-02
5.000000e-02
5.000000e-02
5.000000e-02
5.000000e-02
5.000000e-02
5.000000e-02
5.000000e-02
5.000000e-02
5.000000e-02
5.000000e-02
5.000000e-02
5.000000e-02
5.000000e-02
5.000000e-02
5.000000e-02
5.000000e-02
5.000000e-02
5.000000e-02
5.000000e-02
5.000000e-02
5.000000e-02
5.000000e-02
5.000000e-02
5.000000e-02
5.000000e-02
5.000000e-02
5.000000e-02
5.000000e-02
5.000000e-02
5.000000e-02
5.000000e-02
5.000000e-02
5.000000e-02
5.000000e-02
5.000000e-02
5.000000e-02
5.000000e-02
5.000000e-02
5.000000e-02
5.000000e-02
5.000000e-02
5.000000e-02
5.000000e-02
5.000000e-02
5.000000e-02
5.000000e-02
5.000000e-02
5.000000e-02
5.000000e-02
5.000000e-02
5.000000e-02
5.000000e-02
5.000000e-02
5.000000e-02
5.000000e-02
5.000000e-02
5.000000e-02
5.000000e-02
5.000000e-02
5.000000e-02
5.000000e-02
5.000000e-02
5.000000e-02
5.000000e-02
5.000000e-02
5.000000e-02
5.000000e-02
5.000000e-02
5.000000e-02
5.000000e-02
5.000000e-02
5.000000e-02
5.000000e-02
5.000000e-02
5.000000e-02
5.000000e-02
5.000000e-02
5.000000e-02
5.000000e-02
5.000000e-02
5.000000e-02
5.000000e-02
5.000000e-02
5.000000e-02
5.000000e-02
5.000000e-02
5.000000e-02
5.000000e-02
5.000000e-02
5.000000e-02
5.000000e-02
5.000000e-02
5.000000e-02
5.000000e-02
5.000000e-02
5.000000e-02
5.000000e-02
5.000000e-02
5.000000e-02
5.000000e-02
5.000000e-02
5.000000e-02
5.000000e-02
5.000000e-02
5.000000e-02
5.000000e-02
5.000000e-02
5.000000e-02
5.000000e-02
5.000000e-02
5.000000e-02
5.000000e-02
5.000000e-02
5.000000e-02
5.000000e-02
5.000000e-02
5.000000e-02
5.000000e-02
5.000000e-02
5.000000e-02
5.000000e-02
5.000000e-02
5.000000e-02
5.000000e-02
5.000000e-02
5.000000e-02
5.000000e-02
5.000000e-02
5.000000e-02
5.000000e-02
5.000000e-02
5.000000e-02
5.000000e-02
5.000000e-02
5.000000e-02
5.000000e-02
5.000000e-02
5.000000e-02
5.000000e-02
5.000000e-02
5.000000e-02
5.000000e-02
5.000000e-02
5.000000e-02
5.000000e-02
5.000000e-02
5.000000e-02
5.000000e-02
5.000000e-02
5.000000e-02
5.000000e-02
5.000000e-02
5.000000e-02
5.000000e-02
5.000000e-02
5.000000e-02
5.000000e-02
5.000000e-02
5.000000e-02
5.000000e-02
5.000000e-02
5.000000e-02
5.000000e-02
5.000000e-02
5.000000e-02
5.000000e-02
5.000000e-02
5.000000e-02
5.000000e-02
5.000000e-02
5.000000e-02
5.000000e-02
5.000000e-02
5.000000e-02
5.000000e-02
5.000000e-02
5.000000e-02
5.000000e-02
5.000000e-02
5.000000e-02
5.000000e-02
5.000000e-02
5.000000e-02
5.000000e-02
5.000000e-02
5.000000e-02
5.000000e-02
5.000000e-02
5.000000e-02
5.000000e-02
5.000000e-02
5.000000e-02
5.000000e-02
5.000000e-02
5.000000e-02
5.000000e-02
5.000000e-02
5.000000e-02
5.000000e-02
5.000000e-02
5.000000e-02
5.000000e-02
5.000000e-02
5.000000e-02
5.000000e-02
5.000000e-02
5.000000e-02
5.000000e-02
5.000000e-02
5.000000e-02
5.000000e-02
5.000000e-02
5.000000e-02
5.000000e-02
5.000000e-02
5.000000e-02
5.000000e-02
5.000000e-02
5.000000e-02
5.000000e-02
5.000000e-02
5.000000e-02
5.000000e-02
5.000000e-02
