# averaged gas surface density [g/cm^2]
1.996598308593749849e+01
1.797556424479166637e+01
1.559780299479166921e+01
1.432533195312500141e+01
1.395191369791666602e+01
1.372500279947916546e+01
1.351002002604166563e+01
1.329432772135416485e+01
1.308393691406249992e+01
1.287796257812499867e+01
1.267857859374999840e+01
1.248329576822916742e+01
1.229493167968749923e+01
1.211074722656250024e+01
1.193172949218750034e+01
1.175759138020833383e+01
1.158797717447916575e+01
1.142351894531249989e+01
1.126363743489583236e+01
1.110792141927083243e+01
1.095635847656249950e+01
1.080882183463541679e+01
1.066531044140625006e+01
1.052566243619791742e+01
1.038938474479166629e+01
1.025609427473958313e+01
1.012563907682291564e+01
9.997920678385417759e+00
9.873004358072916986e+00
9.751247679687500280e+00
9.633012052083332222e+00
9.518356872395832724e+00
9.407004291666666518e+00
9.298548085937499152e+00
9.192652561197915517e+00
9.088981136718750520e+00
8.987119808593748260e+00
8.886885777343749737e+00
8.788204514322917049e+00
8.690979903645834170e+00
8.595354865885417084e+00
8.501441848958334546e+00
8.409289677083334524e+00
8.318886477864582574e+00
8.230281225260418054e+00
8.143474106770833387e+00
8.058423263020833005e+00
7.975078720052082737e+00
7.893397947916665380e+00
7.813326520833332900e+00
7.734801623697916462e+00
7.657750475260416856e+00
7.582119463541665993e+00
7.507890739583333861e+00
7.435114436197917342e+00
7.363804940104166974e+00
7.293972002604166782e+00
7.225575545572915814e+00
7.158481024739582921e+00
7.092527889322916224e+00
7.027535263020832978e+00
6.963344433593750438e+00
6.899838221354166912e+00
6.836947868489583691e+00
6.774654260416666851e+00
6.712974390624999899e+00
6.651942841145833007e+00
6.591620654947917046e+00
6.532065791666666676e+00
6.473327050781250591e+00
6.415451600260415610e+00
6.358467410156250388e+00
6.302408554687500164e+00
6.247277946614583577e+00
6.193054786458333183e+00
6.139691425781250267e+00
6.087122776041667294e+00
6.035289821614583161e+00
5.984153934895832805e+00
5.933693770833333048e+00
5.883884049479166656e+00
5.834690052083334244e+00
5.786038065104167849e+00
5.737833800781250382e+00
5.689958734374999771e+00
5.642282934895832547e+00
5.594689856770833636e+00
5.547044335937499682e+00
5.499230928385418160e+00
5.451146401041666145e+00
5.402680876302084378e+00
5.353737028645833895e+00
5.304256002604167186e+00
5.254197173177082902e+00
5.203587562500000097e+00
5.152478082031250572e+00
5.100969846354166393e+00
5.049168002604166539e+00
4.997200608072916772e+00
4.945186923177083749e+00
4.893254255208333348e+00
4.841515635416667074e+00
4.790076554687499488e+00
4.739023816406249701e+00
4.688462690104166164e+00
4.638444730468750166e+00
4.589045234374999893e+00
4.540311571614583208e+00
4.492273411458334031e+00
4.444958071614583339e+00
4.398389121093750020e+00
4.352552106770833262e+00
4.307466518229166041e+00
4.263084500000000610e+00
4.219424420572917001e+00
4.176434638020833034e+00
4.134122320312499710e+00
4.092435441406249375e+00
4.051363769531249659e+00
4.010867220052083404e+00
3.970928126302082806e+00
3.931529332031249879e+00
3.892623789062499728e+00
3.854169673177084032e+00
3.816130566406249702e+00
3.778445584635417021e+00
3.741067076822916615e+00
3.703896029947916446e+00
3.666889447916666711e+00
3.629892049479167326e+00
3.592834320312499941e+00
3.555584544270833813e+00
3.518004880208332796e+00
3.479993539062499863e+00
3.441333515625000228e+00
3.401806476562500237e+00
3.361390652343750229e+00
3.319698502604166546e+00
3.276686976562499964e+00
3.232116951822916917e+00
3.185753717447916689e+00
3.137464835937500141e+00
3.087104677083333470e+00
3.034557048177083605e+00
2.979770548177083089e+00
2.922800290364583109e+00
2.863598518229166334e+00
2.802342670572917083e+00
2.739070835937500004e+00
2.674196743489583028e+00
2.607860631510416471e+00
2.540425115885416307e+00
2.472300839843750264e+00
2.404113352864583053e+00
2.336360092447916426e+00
2.269638263020833602e+00
2.204512265625000023e+00
2.141434420572916775e+00
2.081071424479166598e+00
2.024376204427083437e+00
1.971502321614583053e+00
1.922946361979166907e+00
1.878992083333333341e+00
1.839789309895833336e+00
1.805102946614583148e+00
1.774815703125000255e+00
1.748520979166666711e+00
1.725692321614583191e+00
1.705701433593749927e+00
1.687987444010416782e+00
1.672208343750000159e+00
1.657830416666666418e+00
1.644673278645833348e+00
1.632537110677083403e+00
1.621275881510416683e+00
1.610777666927083240e+00
1.601006320572916586e+00
1.591941311067708531e+00
1.583632964973958224e+00
1.576099364713541506e+00
1.569207498307291671e+00
1.562820820312500247e+00
1.556761632812499796e+00
1.550719925781249842e+00
1.544394266927083370e+00
1.537667559895833369e+00
1.530516863281250250e+00
1.523064404947916728e+00
1.515656884114583214e+00
1.508679329557291782e+00
1.502389434374999944e+00
1.496964699739583127e+00
1.492592602473958197e+00
1.489297349479166810e+00
1.487051627473958249e+00
1.485896816276041754e+00
1.485974893229166538e+00
1.487398450520833082e+00
1.490272799479166688e+00
1.494789066406249978e+00
1.501058055989583195e+00
1.509311834635416405e+00
1.519754360677083360e+00
1.532651751302083198e+00
1.548295697916666880e+00
1.566854703124999970e+00
1.588532518229166746e+00
1.613330503906250213e+00
1.641273299479166781e+00
1.671957717447916769e+00
1.705296911458333398e+00
1.741029688802083308e+00
1.778792703124999930e+00
1.817984707031249814e+00
1.858623709635416565e+00
1.899830490885416667e+00
1.941652897135416778e+00
1.983345736979166718e+00
2.024823744791666602e+00
2.065823359375000390e+00
2.105909341145833391e+00
2.144942972656249669e+00
2.182873414062500128e+00
2.219551335937500092e+00
2.254752322916666607e+00
2.288404832031249558e+00
2.320466515625000170e+00
2.350918020833333344e+00
2.379746046874999799e+00
2.406910671874999963e+00
2.432531429687500246e+00
2.456591678385416699e+00
2.479048316406249786e+00
2.499958832031250022e+00
2.519509105468749954e+00
2.537630725260416664e+00
2.554372001302083195e+00
2.569902360677083220e+00
2.584151949218750133e+00
2.597296722656250001e+00
2.609329071614583384e+00
2.620290365885416417e+00
2.630302101562499661e+00
2.639381667968749845e+00
2.647530639322916546e+00
2.654901790364583292e+00
2.661497502604166510e+00
2.667356020833333119e+00
2.672527912760416680e+00
2.677060033854166576e+00
2.680995259114583362e+00
2.684372444010416192e+00
2.687227282552083096e+00
2.689595944010417128e+00
2.691508305989582794e+00
2.693008988281249572e+00
2.694099604166666495e+00
2.694818330729166878e+00
2.695197373697916898e+00
2.695260415364582940e+00
2.695017742187499454e+00
2.694504938802083416e+00
2.693729055989583454e+00
2.692720983072916852e+00
2.691490510416666648e+00
2.690060309895832891e+00
2.688442649739583690e+00
2.686656020833333880e+00
2.684707880208332842e+00
2.682619934895833058e+00
2.680398536458333592e+00
2.678058682291666770e+00
2.675610049479166808e+00
2.673061933593749995e+00
2.670423587239582730e+00
2.667704313802083504e+00
2.664913033854166446e+00
2.662054460937499645e+00
2.659138359374999983e+00
2.656166372395833530e+00
2.653147270833333238e+00
2.650084251302083249e+00
2.646981729166666852e+00
2.643844285156249807e+00
2.640675199218750269e+00
2.637477669270833047e+00
2.634253649739583203e+00
2.631007876302083215e+00
2.627739399739583259e+00
2.624451867187500120e+00
2.621147830729166461e+00
2.617828414062500553e+00
2.614493393229166518e+00
2.611145451822916908e+00
2.607786326822916667e+00
2.604416613281249848e+00
2.601037375000000207e+00
2.597649072916666579e+00
2.594252472656250141e+00
2.590848473958333287e+00
2.587438635416666965e+00
2.584022317708333016e+00
2.580599667968749955e+00
2.577171329427083268e+00
2.573737490885416701e+00
2.570297178385416714e+00
2.566851958333333350e+00
2.563400161458333049e+00
2.559942930989583587e+00
2.556479312500000045e+00
2.553008813802083221e+00
2.549531169270833342e+00
2.546045618489583440e+00
2.542550830729166655e+00
2.539045859374999825e+00
2.535530134114583500e+00
2.532002760416666831e+00
2.528461519531250090e+00
2.524904095052083353e+00
2.521329751302083366e+00
2.517735776041666540e+00
2.514118082031249646e+00
2.510476782552083286e+00
2.506805890624999922e+00
2.503103459635416694e+00
2.499365524739583400e+00
2.495591341145833475e+00
2.491776449218749523e+00
2.487922885416666396e+00
2.484030643229166557e+00
2.480103175781250169e+00
2.476143501302083383e+00
2.472157450520833688e+00
2.468151143229166511e+00
2.464129665364583222e+00
2.460097761718750053e+00
2.456060691406249941e+00
2.452022276041666782e+00
2.447985618489583626e+00
2.443953309895833481e+00
2.439927489583333386e+00
2.435909424479166585e+00
2.431900803385416587e+00
2.427902669270833425e+00
2.423915045572916593e+00
2.419938710937500126e+00
2.415972628906250197e+00
2.412018509114583154e+00
2.408075700520833085e+00
2.404143915364583162e+00
2.400222417968750133e+00
2.396312200520833269e+00
2.392411497395833475e+00
2.388520759114582948e+00
2.384639408854166476e+00
2.380766446614583032e+00
2.376901867187500184e+00
2.373044664062499809e+00
2.369193645833333584e+00
2.365349046875000028e+00
2.361508680989583553e+00
2.357672246093750257e+00
2.353837674479166697e+00
2.350004494791666954e+00
2.346171430989583140e+00
2.342335960937500072e+00
2.338497630208333344e+00
2.334654755208333210e+00
2.330806309895832928e+00
2.326950856770833465e+00
2.323087933593749543e+00
2.319217196614582921e+00
2.315338433593749912e+00
2.311452279947916466e+00
2.307558966145833335e+00
2.303659498697916863e+00
2.299755253906250019e+00
2.295847076822916666e+00
2.291936678385416926e+00
2.288025040364583429e+00
2.284113795572916938e+00
2.280204201822916499e+00
2.276297335937500055e+00
2.272394514322916947e+00
2.268497022135416596e+00
2.264605802083333064e+00
2.260721876302083100e+00
2.256845998697917022e+00
2.252979303385416632e+00
2.249122444010416277e+00
2.245275993489583399e+00
2.241440726562499819e+00
2.237617151041666474e+00
2.233805516927083179e+00
2.230006476562499618e+00
2.226220184895833398e+00
2.222446949218749968e+00
2.218686938802083564e+00
2.214940164062499939e+00
2.211206670572916977e+00
2.207486470052083316e+00
2.203778963541666691e+00
2.200084322916666668e+00
2.196401861979166537e+00
2.192730958333333202e+00
2.189071096354167079e+00
2.185421559895833088e+00
2.181781071614583123e+00
2.178148944010416699e+00
2.174523812499999931e+00
2.170904553385416769e+00
2.167289687499999840e+00
2.163678208333333242e+00
2.160068692708333238e+00
2.156460393229167050e+00
2.152852596354166703e+00
2.149244955729166850e+00
2.145637602864583382e+00
2.142031013020833541e+00
2.138425800781249997e+00
2.134822936197916743e+00
2.131223638020833366e+00
2.127629131510416993e+00
2.124040380208333190e+00
2.120458518229166867e+00
2.116884781250000014e+00
2.113319811197916565e+00
2.109764572916666747e+00
2.106219770833333005e+00
2.102685959635417046e+00
2.099163794270833439e+00
2.095653691406250019e+00
2.092156138020833112e+00
2.088671513020833093e+00
2.085200032552083638e+00
2.081742104166666607e+00
2.078297742187499964e+00
2.074867296874999933e+00
2.071450789062499798e+00
2.068048117187500257e+00
2.064659476562499929e+00
2.061284699218749683e+00
2.057923593750000002e+00
2.054575937500000116e+00
2.051241398437499974e+00
2.047919735677083519e+00
2.044610429687499842e+00
2.041313058593749563e+00
2.038027154947916753e+00
2.034752246093750383e+00
2.031487873697916502e+00
2.028233712239583486e+00
2.024989378906250082e+00
2.021754579427083254e+00
2.018529127604166806e+00
2.015312934895833408e+00
2.012105992187500192e+00
2.008908269531250124e+00
2.005719891927083331e+00
2.002540971354166643e+00
1.999371592447916735e+00
1.996211894531249920e+00
1.993061979166666831e+00
1.989921924479166826e+00
1.986791834635416976e+00
1.983671720052083032e+00
1.980561583333333431e+00
1.977461421874999958e+00
1.974371256510416783e+00
1.971291006510416777e+00
1.968220509114583239e+00
1.965159847656249958e+00
1.962108798177083280e+00
1.959067240885416838e+00
1.956035140625000279e+00
1.953012210937500326e+00
1.949998342447916810e+00
1.946993276041666610e+00
1.943996791666666724e+00
1.941008626302083373e+00
1.938028499999999710e+00
1.935056114583333153e+00
1.932091169270833575e+00
1.929133434895833332e+00
1.926182700520833402e+00
1.923238721354166403e+00
1.920301549479166647e+00
1.917371113281249650e+00
1.914447622395833548e+00
1.911531317708333289e+00
1.908622601562499854e+00
1.905721833333333448e+00
1.902829563802083568e+00
1.899946218750000027e+00
1.897072259114583437e+00
1.894208164062500144e+00
1.891354311197916749e+00
1.888510986979166306e+00
1.885678468750000114e+00
1.882856927083333298e+00
1.880046561197916688e+00
1.877247382812499810e+00
1.874459404947916186e+00
1.871682528645833399e+00
1.868916680989583412e+00
1.866161722656250133e+00
1.863417445312500087e+00
1.860683643229166684e+00
1.857959944010416642e+00
1.855246178385416833e+00
1.852541989583333271e+00
1.849847049479166783e+00
1.847161046874999712e+00
1.844483671874999731e+00
1.841814553385416886e+00
1.839153391927083270e+00
1.836499955729166800e+00
1.833854007812499853e+00
1.831215317708333457e+00
1.828583759114583485e+00
1.825959276041666968e+00
1.823341791666666767e+00
1.820731403645833524e+00
1.818128179687500179e+00
1.815532209635416727e+00
1.812943713541666613e+00
1.810362839843749905e+00
1.807789860677083249e+00
1.805224929687500035e+00
1.802668312499999814e+00
1.800120233072916465e+00
1.797580873697916637e+00
1.795050367187499996e+00
1.792528930989583325e+00
1.790016618489583378e+00
1.787513589843750195e+00
1.785019838541666459e+00
1.782535402343749853e+00
1.780060222656249858e+00
1.777594286458333173e+00
1.775137406250000049e+00
1.772689453124999703e+00
1.770250250000000136e+00
1.767819548177083533e+00
1.765397109375000051e+00
1.762982660156249937e+00
1.760575938802083407e+00
1.758176606770833317e+00
1.755784451822916870e+00
1.753399222656250034e+00
1.751020674479166983e+00
1.748648718749999942e+00
1.746283190104166883e+00
1.743923977864583419e+00
1.741571057291666724e+00
1.739224369791666502e+00
1.736883968749999951e+00
1.734549842447916435e+00
1.732222022135416539e+00
1.729900506510416713e+00
1.727585359374999685e+00
1.725276524739583150e+00
1.722974082031250020e+00
1.720677986979166851e+00
1.718388231770833441e+00
1.716104841145833282e+00
1.713827703125000212e+00
1.711556901041666690e+00
1.709292329427083423e+00
1.707034036458333182e+00
1.704782011718750212e+00
1.702536174479166720e+00
1.700296627604166666e+00
1.698063358072916529e+00
1.695836404947916654e+00
1.693615830729166660e+00
1.691401697916666613e+00
1.689194124999999991e+00
1.686993229166666497e+00
1.684799131510416714e+00
1.682611967447916745e+00
1.680431920572916793e+00
1.678259152343750005e+00
1.676093851562499681e+00
1.673936148437499938e+00
1.671786230468750079e+00
1.669644239583333301e+00
1.667510304687500167e+00
1.665384506510416474e+00
1.663266907552083396e+00
1.661157567708333227e+00
1.659056463541666693e+00
1.656963516927083324e+00
1.654878683593749900e+00
1.652801773437500010e+00
1.650732682291667031e+00
1.648671170572916678e+00
1.646616977864583165e+00
1.644569850260416688e+00
1.642529488281249783e+00
1.640495608072916722e+00
1.638467820312500045e+00
1.636445798177083466e+00
1.634429248697916393e+00
1.632417811197916402e+00
1.630411200520833326e+00
1.628409132812499882e+00
1.626411361979166470e+00
1.624417678385416508e+00
1.622427953125000100e+00
1.620442024739583431e+00
1.618459839843749748e+00
1.616481373697916668e+00
1.614506666666666534e+00
1.612535725260416664e+00
1.610568664062499877e+00
1.608605592447916566e+00
1.606646645833333276e+00
1.604691979166666727e+00
1.602741735677083446e+00
1.600796063802083502e+00
1.598855195312499866e+00
1.596919251302083564e+00
1.594988312499999950e+00
1.593062669270833176e+00
1.591142365885416687e+00
1.589227600260416651e+00
1.587318378906250160e+00
1.585414930989583082e+00
1.583517302083333300e+00
1.581625537760416700e+00
1.579739805989583301e+00
1.577860123697916395e+00
1.575986548177083391e+00
1.574119166666666736e+00
1.572257990885416845e+00
1.570403151041666723e+00
1.568554572916666778e+00
1.566712395833333327e+00
1.564876545572916555e+00
1.563047085937499858e+00
1.561224035156249856e+00
1.559407295572916796e+00
1.557596881510416864e+00
1.555792712239583153e+00
1.553994682291666818e+00
1.552202760416666605e+00
1.550416752604166781e+00
1.548636546874999853e+00
1.546862006510416832e+00
1.545092890624999882e+00
1.543329055989583365e+00
1.541570239583333501e+00
1.539816302083333310e+00
1.538066912760416516e+00
1.536321937500000123e+00
1.534581097656249726e+00
1.532844190104166726e+00
1.531111010416666751e+00
1.529381391927083556e+00
1.527655149739583607e+00
1.525932180989583387e+00
1.524212398437500227e+00
1.522495634114583440e+00
1.520781998697916748e+00
1.519071378906249992e+00
1.517363880208333349e+00
1.515659545572916711e+00
1.513958494791666665e+00
1.512260813802083215e+00
1.510566666666666835e+00
1.508876134114583323e+00
1.507189454427083186e+00
1.505506759114583426e+00
1.503828136718749819e+00
1.502153781250000320e+00
1.500483796874999998e+00
1.498818294270833462e+00
1.497157332031250121e+00
1.495501010416666610e+00
1.493849365885416836e+00
1.492202389322916600e+00
1.490560145833333294e+00
1.488922593749999912e+00
1.487289734374999783e+00
1.485661563802083363e+00
1.484037993489583540e+00
1.482419039062500055e+00
1.480804614583333345e+00
1.479194765624999741e+00
1.477589380208333303e+00
1.475988506510416798e+00
1.474392075520833290e+00
1.472800059895833513e+00
1.471212516927083547e+00
1.469629320312500154e+00
1.468050502604166807e+00
1.466476088541666556e+00
1.464906001302083149e+00
1.463340238281249706e+00
1.461778743489583476e+00
1.460221470052083248e+00
1.458668384114583105e+00
1.457119335937499871e+00
1.455574319010416673e+00
1.454033205729166722e+00
1.452495884114583191e+00
1.450962239583333258e+00
1.449432183593749812e+00
1.447905552083333491e+00
1.446382247395833431e+00
1.444862157552083248e+00
1.443345140624999745e+00
1.441831157552083242e+00
1.440320072916666527e+00
1.438811881510416724e+00
1.437306455729166821e+00
1.435803813802083440e+00
1.434303972656249870e+00
1.432806881510416686e+00
1.431312621093749904e+00
1.429821209635416812e+00
1.428332667968749803e+00
1.426847089843749972e+00
1.425364502604166583e+00
1.423884949218749973e+00
1.422408540364583418e+00
1.420935212239583079e+00
1.419465061197916711e+00
1.417998102864583387e+00
1.416534294270833216e+00
1.415073656249999923e+00
1.413616151041666713e+00
1.412161736979166804e+00
1.410710358072916781e+00
1.409261983072916946e+00
1.407816596354166672e+00
1.406374102864583309e+00
1.404934493489583325e+00
1.403497725260416829e+00
1.402063769531250115e+00
1.400632658854166879e+00
1.399204332031249942e+00
1.397778886718749947e+00
1.396356291666666749e+00
1.394936597656249999e+00
1.393519917968750077e+00
1.392106208333333539e+00
1.390695569010416577e+00
1.389288084635416531e+00
1.387883727864583250e+00
1.386482580729166969e+00
1.385084609374999998e+00
1.383689855468749785e+00
1.382298248697916732e+00
1.380909824218749860e+00
1.379524423177083348e+00
1.378141996093750210e+00
1.376762402343749914e+00
1.375385606770833435e+00
1.374011381510416685e+00
1.372639598958333318e+00
1.371270102864583507e+00
1.369902763020833136e+00
1.368537389322916686e+00
1.367173833333333199e+00
1.365811992187499824e+00
1.364451705729166520e+00
1.363092898437500144e+00
1.361735427083333505e+00
1.360379277343749749e+00
1.359024368489583523e+00
1.357670619791666811e+00
1.356318031250000056e+00
1.354966596354166386e+00
1.353616214843749832e+00
1.352266933593750053e+00
1.350918749999999946e+00
1.349571553385416678e+00
1.348225410156250303e+00
1.346880236979166812e+00
1.345535993489583193e+00
1.344192634114583340e+00
1.342850093750000084e+00
1.341508350260416593e+00
1.340167312500000207e+00
1.338826970052083398e+00
1.337487246093749915e+00
1.336148091145833439e+00
1.334809492187499780e+00
1.333471410156250370e+00
1.332133906249999944e+00
1.330796881510416751e+00
1.329460424479166569e+00
1.328124490885416620e+00
1.326789197916666829e+00
1.325454548177083192e+00
1.324120524739583304e+00
1.322787179687499926e+00
1.321454520833333257e+00
1.320122527343750019e+00
1.318791177083333377e+00
1.317460399739583288e+00
1.316130145833333431e+00
1.314800268229166624e+00
1.313470618489583464e+00
1.312141050781249874e+00
1.310811302083333407e+00
1.309481207031250038e+00
1.308150501302083546e+00
1.306818891927083337e+00
1.305486135416666471e+00
1.304151906250000215e+00
1.302815971354166713e+00
1.301478007812500115e+00
1.300137772135416592e+00
1.298795026041666745e+00
1.297449516927083213e+00
1.296101016927083238e+00
1.294749389322916722e+00
1.293394388020833174e+00
1.292035850260416785e+00
1.290673671875000039e+00
1.289307686197916469e+00
1.287937809895833396e+00
1.286563874999999912e+00
1.285185743489583254e+00
1.283803335937500067e+00
1.282416447916666646e+00
1.281024970052083267e+00
1.279628747395833210e+00
1.278227624999999978e+00
1.276821378906250137e+00
1.275409822916666602e+00
1.273992792968750010e+00
1.272570098958333285e+00
1.271141548177083358e+00
1.269706908854166594e+00
1.268265999999999893e+00
1.266818661458333217e+00
1.265364678385416441e+00
1.263903867187500030e+00
1.262436018229166734e+00
1.260961022135416609e+00
1.259478639322916704e+00
1.257988697916666787e+00
1.256490936197916630e+00
1.254985192708333308e+00
1.253471167968750022e+00
1.251948583333333254e+00
1.250417141927083309e+00
1.248876511718749915e+00
1.247326266927083260e+00
1.245766011718750121e+00
1.244195315104166699e+00
1.242613613281249973e+00
1.241020425781250047e+00
1.239415209635416737e+00
1.237797417968750091e+00
1.236166416666666601e+00
1.234521652343749887e+00
1.232862518229166815e+00
1.231188420572916664e+00
1.229498773437500025e+00
1.227793040364583144e+00
1.226070614583333329e+00
1.224330971354166575e+00
1.222573550781249851e+00
1.220797895833333202e+00
1.219003460937500005e+00
1.217189744791666639e+00
1.215356231770833517e+00
1.213502408854166603e+00
1.211627809895833296e+00
1.209731838541666660e+00
1.207813971354166682e+00
1.205873619791666629e+00
1.203910195312499987e+00
1.201923110677083351e+00
1.199911688802083320e+00
1.197875223958333457e+00
1.195813029947916606e+00
1.193724457031249964e+00
1.191608720052083292e+00
1.189465078125000019e+00
1.187292790364583128e+00
1.185091088541666560e+00
1.182859226562499977e+00
1.180596358072916630e+00
1.178301766927083438e+00
1.175974632812500031e+00
1.173614111979166763e+00
1.171219388020833252e+00
1.168789609375000094e+00
1.166323876302083340e+00
1.163821312499999872e+00
1.161280932291666623e+00
1.158701733072916795e+00
1.156082733072916646e+00
1.153422781249999973e+00
1.150720790364583301e+00
1.147975537760416609e+00
1.145185843749999988e+00
1.142350481770833204e+00
1.139468095052083463e+00
1.136537381510416722e+00
1.133557041666666487e+00
1.130525632812499959e+00
1.127441839843750016e+00
1.124304332031250020e+00
1.121111639322916798e+00
1.117862441406249907e+00
1.114555354166666623e+00
1.111189011718749953e+00
1.107762054687499997e+00
1.104273134114583277e+00
1.100720819010416740e+00
1.097103790364583276e+00
1.093420619791666715e+00
1.089669897135416621e+00
1.085850207031249903e+00
1.081960092447916688e+00
1.077997996093750022e+00
1.073962458333333148e+00
1.069851863281250148e+00
1.065664618489583271e+00
1.061399115885416577e+00
1.057053682291666741e+00
1.052626648437499979e+00
1.048116328125000107e+00
1.043520069010416718e+00
1.038834042968749927e+00
1.034056645833333343e+00
1.029186490885416694e+00
1.024222559895833440e+00
1.019164162760416659e+00
1.014010937499999931e+00
1.008763058593750150e+00
1.003421052083333320e+00
9.979860592447916678e-01
9.924596589843751593e-01
9.868439651041667204e-01
9.811415875000001341e-01
9.753556522135417017e-01
9.694896989583332569e-01
9.635477075520832990e-01
9.575340769531249796e-01
9.514535641927083232e-01
9.453112489583332945e-01
9.391124979166667330e-01
9.328628986979166093e-01
9.265682647135417005e-01
9.202345373697916608e-01
9.138677786458332397e-01
9.074741136718750267e-01
9.010597032552083441e-01
8.946306880208333423e-01
8.881931635416666637e-01
8.817531326822916071e-01
8.753164865885416646e-01
8.688889634114582705e-01
8.624761173177084572e-01
8.560833125000000265e-01
8.497156764322917333e-01
8.433781055989583164e-01
8.370752367187499487e-01
8.308114450520833749e-01
8.245908450520832433e-01
8.184172751302082327e-01
8.122943139322916783e-01
8.062252815104166137e-01
8.002132438802084247e-01
7.942610401041666490e-01
7.883712730468749319e-01
7.825463444010415381e-01
7.767884558593749489e-01
7.710996223958334062e-01
7.654816908854167323e-01
7.599363408854166169e-01
7.544651024739582601e-01
7.490693582031249242e-01
7.437503360677083508e-01
7.385091243489583235e-01
7.333466569010417269e-01
7.282637104166665987e-01
7.232609085937499183e-01
7.183387001302082853e-01
7.134973464843749058e-01
7.087369360677083785e-01
7.040573442708333296e-01
6.994582423177083674e-01
6.949390876302082853e-01
6.904990996093749445e-01
6.861372389322917265e-01
6.818522324218750930e-01
6.776430660156250729e-01
6.735074885416665325e-01
6.694433459635417139e-01
6.654485250000000685e-01
6.615204252604166557e-01
6.576561361979166298e-01
6.538524257812500240e-01
6.501057460937499366e-01
6.464122996093749629e-01
6.427676407552083138e-01
6.391666902343750012e-01
6.356047750000000107e-01
6.320762290364583258e-01
6.285749580729166341e-01
6.250943632812500095e-01
6.216272903645833070e-01
6.181660096354166800e-01
6.147021641927082891e-01
6.112267345052083689e-01
6.077299899739583289e-01
6.042014445312499094e-01
6.006297993489583265e-01
5.970028979166666083e-01
5.933076451822917319e-01
5.895299604166667207e-01
5.856547292968750096e-01
5.816653747395833518e-01
5.775346697916666772e-01
5.732855337239582960e-01
