# radius [cm]
2.438756953417968750e+14
2.529139000253906250e+14
2.619521047089843750e+14
2.709903093925781250e+14
2.800285140761718750e+14
2.890667187597656250e+14
2.981049234433593750e+14
3.071431281269531250e+14
3.161813328105468750e+14
3.252195374941406250e+14
3.342577421777343750e+14
3.432959468613281250e+14
3.523341515449218750e+14
3.613723562285156250e+14
3.704105609121093750e+14
3.794487655957031250e+14
3.884869702792968750e+14
3.975251749628906250e+14
4.065633796464843750e+14
4.156015843300781250e+14
4.246397890136718750e+14
4.336779936972656250e+14
4.427161983808593750e+14
4.517544030644531250e+14
4.607926077480468750e+14
4.698308124316406250e+14
4.788690171152343750e+14
4.879072217988281250e+14
4.969454264824218750e+14
5.059836311660156250e+14
5.150218358496093750e+14
5.240600405332031250e+14
5.330982452167968750e+14
5.421364499003906250e+14
5.511746545839843750e+14
5.602128592675781250e+14
5.692510639511718750e+14
5.782892686347656250e+14
5.873274733183593750e+14
5.963656780019531250e+14
6.054038826855468750e+14
6.144420873691406250e+14
6.234802920527343750e+14
6.325184967363281250e+14
6.415567014199218750e+14
6.505949061035156250e+14
6.596331107871093750e+14
6.686713154707031250e+14
6.777095201542968750e+14
6.867477248378906250e+14
6.957859295214843750e+14
7.048241342050781250e+14
7.138623388886718750e+14
7.229005435722656250e+14
7.319387482558593750e+14
7.409769529394531250e+14
7.500151576230468750e+14
7.590533623066406250e+14
7.680915669902343750e+14
7.771297716738281250e+14
7.861679763574218750e+14
7.952061810410156250e+14
8.042443857246093750e+14
8.132825904082031250e+14
8.223207950917968750e+14
8.313589997753906250e+14
8.403972044589843750e+14
8.494354091425781250e+14
8.584736138261718750e+14
8.675118185097656250e+14
8.765500231933593750e+14
8.855882278769531250e+14
8.946264325605468750e+14
9.036646372441406250e+14
9.127028419277343750e+14
9.217410466113281250e+14
9.307792512949218750e+14
9.398174559785156250e+14
9.488556606621093750e+14
9.578938653457031250e+14
9.669320700292968750e+14
9.759702747128906250e+14
9.850084793964843750e+14
9.940466840800781250e+14
1.003084888763671875e+15
1.012123093447265625e+15
1.021161298130859375e+15
1.030199502814453125e+15
1.039237707498046875e+15
1.048275912181640625e+15
1.057314116865234375e+15
1.066352321548828125e+15
1.075390526232421875e+15
1.084428730916015625e+15
1.093466935599609375e+15
1.102505140283203125e+15
1.111543344966796875e+15
1.120581549650390625e+15
1.129619754333984500e+15
1.138657959017578000e+15
1.147696163701172000e+15
1.156734368384765500e+15
1.165772573068359500e+15
1.174810777751953000e+15
1.183848982435547000e+15
1.192887187119140500e+15
1.201925391802734500e+15
1.210963596486328000e+15
1.220001801169922000e+15
1.229040005853515500e+15
1.238078210537109500e+15
1.247116415220703000e+15
1.256154619904297000e+15
1.265192824587890500e+15
1.274231029271484500e+15
1.283269233955078000e+15
1.292307438638672000e+15
1.301345643322265500e+15
1.310383848005859500e+15
1.319422052689453000e+15
1.328460257373047000e+15
1.337498462056640500e+15
1.346536666740234500e+15
1.355574871423828000e+15
1.364613076107422000e+15
1.373651280791015500e+15
1.382689485474609500e+15
1.391727690158203000e+15
1.400765894841797000e+15
1.409804099525390500e+15
1.418842304208984500e+15
1.427880508892578000e+15
1.436918713576172000e+15
1.445956918259765500e+15
1.454995122943359500e+15
1.464033327626953000e+15
1.473071532310547000e+15
1.482109736994140500e+15
1.491147941677734500e+15
1.500186146361328000e+15
1.509224351044922000e+15
1.518262555728515500e+15
1.527300760412109500e+15
1.536338965095703000e+15
1.545377169779297000e+15
1.554415374462890500e+15
1.563453579146484500e+15
1.572491783830078000e+15
1.581529988513672000e+15
1.590568193197265500e+15
1.599606397880859500e+15
1.608644602564453000e+15
1.617682807248047000e+15
1.626721011931640500e+15
1.635759216615234500e+15
1.644797421298828000e+15
1.653835625982422000e+15
1.662873830666015500e+15
1.671912035349609500e+15
1.680950240033203000e+15
1.689988444716797000e+15
1.699026649400390500e+15
1.708064854083984500e+15
1.717103058767578000e+15
1.726141263451172000e+15
1.735179468134765500e+15
1.744217672818359500e+15
1.753255877501953000e+15
1.762294082185547000e+15
1.771332286869140500e+15
1.780370491552734500e+15
1.789408696236328000e+15
1.798446900919922000e+15
1.807485105603515500e+15
1.816523310287109500e+15
1.825561514970703000e+15
1.834599719654297000e+15
1.843637924337890500e+15
1.852676129021484500e+15
1.861714333705078000e+15
1.870752538388672000e+15
1.879790743072265500e+15
1.888828947755859500e+15
1.897867152439453000e+15
1.906905357123047000e+15
1.915943561806640500e+15
1.924981766490234500e+15
1.934019971173828000e+15
1.943058175857422000e+15
1.952096380541015500e+15
1.961134585224609500e+15
1.970172789908203000e+15
1.979210994591797000e+15
1.988249199275390500e+15
1.997287403958984500e+15
2.006325608642578000e+15
2.015363813326172000e+15
2.024402018009765500e+15
2.033440222693359500e+15
2.042478427376953000e+15
2.051516632060547000e+15
2.060554836744140500e+15
2.069593041427734500e+15
2.078631246111328000e+15
2.087669450794922000e+15
2.096707655478515500e+15
2.105745860162109500e+15
2.114784064845703000e+15
2.123822269529297000e+15
2.132860474212890500e+15
2.141898678896484500e+15
2.150936883580078000e+15
2.159975088263672000e+15
2.169013292947265500e+15
2.178051497630859500e+15
2.187089702314453000e+15
2.196127906998047000e+15
2.205166111681640500e+15
2.214204316365234500e+15
2.223242521048828000e+15
2.232280725732422000e+15
2.241318930416015500e+15
2.250357135099609250e+15
2.259395339783203000e+15
2.268433544466797000e+15
2.277471749150391000e+15
2.286509953833984000e+15
2.295548158517578000e+15
2.304586363201172000e+15
2.313624567884766000e+15
2.322662772568359000e+15
2.331700977251953000e+15
2.340739181935547000e+15
2.349777386619141000e+15
2.358815591302734000e+15
2.367853795986328000e+15
2.376892000669922000e+15
2.385930205353516000e+15
2.394968410037109000e+15
2.404006614720703000e+15
2.413044819404297000e+15
2.422083024087891000e+15
2.431121228771484000e+15
2.440159433455078000e+15
2.449197638138672000e+15
2.458235842822266000e+15
2.467274047505859000e+15
2.476312252189453000e+15
2.485350456873047000e+15
2.494388661556641000e+15
2.503426866240234000e+15
2.512465070923828000e+15
2.521503275607422000e+15
2.530541480291016000e+15
2.539579684974609000e+15
2.548617889658203000e+15
2.557656094341797000e+15
2.566694299025391000e+15
2.575732503708984000e+15
2.584770708392578000e+15
2.593808913076172000e+15
2.602847117759766000e+15
2.611885322443359000e+15
2.620923527126953000e+15
2.629961731810547000e+15
2.638999936494141000e+15
2.648038141177734000e+15
2.657076345861328000e+15
2.666114550544922000e+15
2.675152755228516000e+15
2.684190959912109000e+15
2.693229164595703000e+15
2.702267369279297000e+15
2.711305573962891000e+15
2.720343778646484000e+15
2.729381983330078000e+15
2.738420188013672000e+15
2.747458392697266000e+15
2.756496597380859000e+15
2.765534802064453000e+15
2.774573006748047000e+15
2.783611211431641000e+15
2.792649416115234000e+15
2.801687620798828000e+15
2.810725825482422000e+15
2.819764030166016000e+15
2.828802234849609000e+15
2.837840439533203000e+15
2.846878644216797000e+15
2.855916848900391000e+15
2.864955053583984000e+15
2.873993258267578000e+15
2.883031462951172000e+15
2.892069667634766000e+15
2.901107872318359000e+15
2.910146077001953000e+15
2.919184281685547000e+15
2.928222486369141000e+15
2.937260691052734000e+15
2.946298895736328000e+15
2.955337100419922000e+15
2.964375305103516000e+15
2.973413509787109000e+15
2.982451714470703000e+15
2.991489919154297000e+15
3.000528123837891000e+15
3.009566328521484000e+15
3.018604533205078000e+15
3.027642737888672000e+15
3.036680942572266000e+15
3.045719147255859000e+15
3.054757351939453000e+15
3.063795556623047000e+15
3.072833761306641000e+15
3.081871965990234000e+15
3.090910170673828000e+15
3.099948375357422000e+15
3.108986580041016000e+15
3.118024784724609000e+15
3.127062989408203000e+15
3.136101194091797000e+15
3.145139398775391000e+15
3.154177603458984000e+15
3.163215808142578000e+15
3.172254012826172000e+15
3.181292217509766000e+15
3.190330422193359000e+15
3.199368626876953000e+15
3.208406831560547000e+15
3.217445036244141000e+15
3.226483240927734000e+15
3.235521445611328000e+15
3.244559650294922000e+15
3.253597854978516000e+15
3.262636059662109000e+15
3.271674264345703000e+15
3.280712469029297000e+15
3.289750673712891000e+15
3.298788878396484000e+15
3.307827083080078000e+15
3.316865287763672000e+15
3.325903492447266000e+15
3.334941697130859000e+15
3.343979901814453000e+15
3.353018106498047000e+15
3.362056311181641000e+15
3.371094515865234000e+15
3.380132720548828000e+15
3.389170925232422000e+15
3.398209129916016000e+15
3.407247334599609000e+15
3.416285539283203000e+15
3.425323743966797000e+15
3.434361948650391000e+15
3.443400153333984000e+15
3.452438358017578000e+15
3.461476562701172000e+15
3.470514767384766000e+15
3.479552972068359000e+15
3.488591176751953000e+15
3.497629381435547000e+15
3.506667586119141000e+15
3.515705790802734000e+15
3.524743995486328000e+15
3.533782200169922000e+15
3.542820404853516000e+15
3.551858609537109000e+15
3.560896814220703000e+15
3.569935018904297000e+15
3.578973223587891000e+15
3.588011428271484000e+15
3.597049632955078000e+15
3.606087837638672000e+15
3.615126042322266000e+15
3.624164247005859000e+15
3.633202451689453000e+15
3.642240656373047000e+15
3.651278861056641000e+15
3.660317065740234000e+15
3.669355270423828000e+15
3.678393475107422000e+15
3.687431679791016000e+15
3.696469884474609000e+15
3.705508089158203000e+15
3.714546293841797000e+15
3.723584498525391000e+15
3.732622703208984000e+15
3.741660907892578000e+15
3.750699112576172000e+15
3.759737317259766000e+15
3.768775521943359000e+15
3.777813726626953000e+15
3.786851931310547000e+15
3.795890135994141000e+15
3.804928340677734000e+15
3.813966545361328000e+15
3.823004750044922000e+15
3.832042954728516000e+15
3.841081159412109000e+15
3.850119364095703000e+15
3.859157568779297000e+15
3.868195773462891000e+15
3.877233978146484000e+15
3.886272182830078000e+15
3.895310387513672000e+15
3.904348592197266000e+15
3.913386796880859000e+15
3.922425001564453000e+15
3.931463206248047000e+15
3.940501410931641000e+15
3.949539615615234000e+15
3.958577820298828000e+15
3.967616024982422000e+15
3.976654229666016000e+15
3.985692434349609000e+15
3.994730639033203000e+15
4.003768843716797000e+15
4.012807048400391000e+15
4.021845253083984000e+15
4.030883457767578000e+15
4.039921662451172000e+15
4.048959867134766000e+15
4.057998071818359000e+15
4.067036276501953000e+15
4.076074481185547000e+15
4.085112685869141000e+15
4.094150890552734000e+15
4.103189095236328000e+15
4.112227299919922000e+15
4.121265504603516000e+15
4.130303709287109000e+15
4.139341913970703000e+15
4.148380118654297000e+15
4.157418323337891000e+15
4.166456528021484000e+15
4.175494732705078000e+15
4.184532937388672000e+15
4.193571142072266000e+15
4.202609346755859000e+15
4.211647551439453000e+15
4.220685756123047000e+15
4.229723960806641000e+15
4.238762165490234000e+15
4.247800370173828000e+15
4.256838574857422000e+15
4.265876779541016000e+15
4.274914984224609000e+15
4.283953188908203000e+15
4.292991393591797000e+15
4.302029598275391000e+15
4.311067802958984000e+15
4.320106007642578000e+15
4.329144212326172000e+15
4.338182417009766000e+15
4.347220621693359000e+15
4.356258826376953000e+15
4.365297031060547000e+15
4.374335235744141000e+15
4.383373440427734000e+15
4.392411645111328000e+15
4.401449849794922000e+15
4.410488054478516000e+15
4.419526259162109000e+15
4.428564463845703000e+15
4.437602668529297000e+15
4.446640873212891000e+15
4.455679077896484000e+15
4.464717282580078000e+15
4.473755487263672000e+15
4.482793691947266000e+15
4.491831896630859000e+15
4.500870101314453000e+15
4.509908305998047000e+15
4.518946510681641000e+15
4.527984715365234000e+15
4.537022920048828000e+15
4.546061124732422000e+15
4.555099329416016000e+15
4.564137534099609000e+15
4.573175738783203000e+15
4.582213943466797000e+15
4.591252148150391000e+15
4.600290352833984000e+15
4.609328557517578000e+15
4.618366762201172000e+15
4.627404966884766000e+15
4.636443171568359000e+15
4.645481376251953000e+15
4.654519580935547000e+15
4.663557785619141000e+15
4.672595990302734000e+15
4.681634194986328000e+15
4.690672399669922000e+15
4.699710604353516000e+15
4.708748809037109000e+15
4.717787013720703000e+15
4.726825218404297000e+15
4.735863423087891000e+15
4.744901627771484000e+15
4.753939832455078000e+15
4.762978037138672000e+15
4.772016241822266000e+15
4.781054446505859000e+15
4.790092651189453000e+15
4.799130855873047000e+15
4.808169060556641000e+15
4.817207265240234000e+15
4.826245469923828000e+15
4.835283674607422000e+15
4.844321879291016000e+15
4.853360083974609000e+15
4.862398288658203000e+15
4.871436493341797000e+15
4.880474698025391000e+15
4.889512902708984000e+15
4.898551107392578000e+15
4.907589312076172000e+15
4.916627516759766000e+15
4.925665721443359000e+15
4.934703926126953000e+15
4.943742130810547000e+15
4.952780335494141000e+15
4.961818540177734000e+15
4.970856744861328000e+15
4.979894949544922000e+15
4.988933154228516000e+15
4.997971358912109000e+15
5.007009563595703000e+15
5.016047768279297000e+15
5.025085972962891000e+15
5.034124177646484000e+15
5.043162382330078000e+15
5.052200587013672000e+15
5.061238791697266000e+15
5.070276996380859000e+15
5.079315201064453000e+15
5.088353405748047000e+15
5.097391610431641000e+15
5.106429815115234000e+15
5.115468019798828000e+15
5.124506224482422000e+15
5.133544429166016000e+15
5.142582633849609000e+15
5.151620838533203000e+15
5.160659043216797000e+15
5.169697247900391000e+15
5.178735452583984000e+15
5.187773657267578000e+15
5.196811861951172000e+15
5.205850066634766000e+15
5.214888271318359000e+15
5.223926476001953000e+15
5.232964680685547000e+15
5.242002885369141000e+15
5.251041090052734000e+15
5.260079294736328000e+15
5.269117499419922000e+15
5.278155704103516000e+15
5.287193908787109000e+15
5.296232113470703000e+15
5.305270318154297000e+15
5.314308522837891000e+15
5.323346727521484000e+15
5.332384932205078000e+15
5.341423136888672000e+15
5.350461341572266000e+15
5.359499546255859000e+15
5.368537750939453000e+15
5.377575955623047000e+15
5.386614160306641000e+15
5.395652364990234000e+15
5.404690569673828000e+15
5.413728774357422000e+15
5.422766979041016000e+15
5.431805183724609000e+15
5.440843388408203000e+15
5.449881593091797000e+15
5.458919797775391000e+15
5.467958002458984000e+15
5.476996207142578000e+15
5.486034411826172000e+15
5.495072616509766000e+15
5.504110821193359000e+15
5.513149025876953000e+15
5.522187230560547000e+15
5.531225435244141000e+15
5.540263639927734000e+15
5.549301844611328000e+15
5.558340049294922000e+15
5.567378253978516000e+15
5.576416458662109000e+15
5.585454663345703000e+15
5.594492868029297000e+15
5.603531072712891000e+15
5.612569277396484000e+15
5.621607482080078000e+15
5.630645686763672000e+15
5.639683891447266000e+15
5.648722096130859000e+15
5.657760300814453000e+15
5.666798505498047000e+15
5.675836710181641000e+15
5.684874914865234000e+15
5.693913119548828000e+15
5.702951324232422000e+15
5.711989528916016000e+15
5.721027733599609000e+15
5.730065938283203000e+15
5.739104142966797000e+15
5.748142347650391000e+15
5.757180552333984000e+15
5.766218757017578000e+15
5.775256961701172000e+15
5.784295166384766000e+15
5.793333371068359000e+15
5.802371575751953000e+15
5.811409780435547000e+15
5.820447985119141000e+15
5.829486189802734000e+15
5.838524394486328000e+15
5.847562599169922000e+15
5.856600803853516000e+15
5.865639008537109000e+15
5.874677213220703000e+15
5.883715417904297000e+15
5.892753622587891000e+15
5.901791827271484000e+15
5.910830031955078000e+15
5.919868236638672000e+15
5.928906441322266000e+15
5.937944646005859000e+15
5.946982850689453000e+15
5.956021055373047000e+15
5.965059260056641000e+15
5.974097464740234000e+15
5.983135669423828000e+15
5.992173874107422000e+15
6.001212078791016000e+15
6.010250283474609000e+15
6.019288488158203000e+15
6.028326692841797000e+15
6.037364897525391000e+15
6.046403102208984000e+15
6.055441306892578000e+15
6.064479511576172000e+15
6.073517716259766000e+15
6.082555920943359000e+15
6.091594125626953000e+15
6.100632330310547000e+15
6.109670534994141000e+15
6.118708739677734000e+15
6.127746944361328000e+15
6.136785149044922000e+15
6.145823353728516000e+15
6.154861558412109000e+15
6.163899763095703000e+15
6.172937967779297000e+15
6.181976172462891000e+15
6.191014377146484000e+15
6.200052581830078000e+15
6.209090786513672000e+15
6.218128991197266000e+15
6.227167195880859000e+15
6.236205400564453000e+15
6.245243605248047000e+15
6.254281809931641000e+15
6.263320014615234000e+15
6.272358219298828000e+15
6.281396423982422000e+15
6.290434628666016000e+15
6.299472833349609000e+15
6.308511038033203000e+15
6.317549242716797000e+15
6.326587447400391000e+15
6.335625652083984000e+15
6.344663856767578000e+15
6.353702061451172000e+15
6.362740266134766000e+15
6.371778470818359000e+15
6.380816675501953000e+15
6.389854880185547000e+15
6.398893084869141000e+15
6.407931289552734000e+15
6.416969494236328000e+15
6.426007698919922000e+15
6.435045903603516000e+15
6.444084108287109000e+15
6.453122312970703000e+15
6.462160517654297000e+15
6.471198722337891000e+15
6.480236927021484000e+15
6.489275131705078000e+15
6.498313336388672000e+15
6.507351541072266000e+15
6.516389745755859000e+15
6.525427950439453000e+15
6.534466155123047000e+15
6.543504359806641000e+15
6.552542564490234000e+15
6.561580769173828000e+15
6.570618973857422000e+15
6.579657178541016000e+15
6.588695383224609000e+15
6.597733587908203000e+15
6.606771792591797000e+15
6.615809997275391000e+15
6.624848201958984000e+15
6.633886406642578000e+15
6.642924611326172000e+15
6.651962816009766000e+15
6.661001020693359000e+15
6.670039225376953000e+15
6.679077430060547000e+15
6.688115634744141000e+15
6.697153839427734000e+15
6.706192044111328000e+15
6.715230248794922000e+15
6.724268453478516000e+15
6.733306658162109000e+15
6.742344862845703000e+15
6.751383067529297000e+15
6.760421272212891000e+15
6.769459476896484000e+15
6.778497681580078000e+15
6.787535886263672000e+15
6.796574090947266000e+15
6.805612295630859000e+15
6.814650500314453000e+15
6.823688704998047000e+15
6.832726909681641000e+15
6.841765114365234000e+15
6.850803319048828000e+15
6.859841523732422000e+15
6.868879728416016000e+15
6.877917933099609000e+15
6.886956137783203000e+15
6.895994342466797000e+15
6.905032547150391000e+15
6.914070751833984000e+15
6.923108956517578000e+15
6.932147161201172000e+15
6.941185365884766000e+15
6.950223570568359000e+15
6.959261775251953000e+15
6.968299979935547000e+15
6.977338184619141000e+15
6.986376389302734000e+15
6.995414593986328000e+15
7.004452798669922000e+15
7.013491003353516000e+15
7.022529208037109000e+15
7.031567412720703000e+15
7.040605617404297000e+15
7.049643822087891000e+15
7.058682026771484000e+15
7.067720231455078000e+15
7.076758436138672000e+15
7.085796640822266000e+15
7.094834845505859000e+15
7.103873050189453000e+15
7.112911254873047000e+15
7.121949459556641000e+15
7.130987664240234000e+15
7.140025868923828000e+15
7.149064073607422000e+15
7.158102278291016000e+15
7.167140482974609000e+15
7.176178687658203000e+15
